2162064,27088054,2016,1
2162064,39806549,2016,1
2162064,38247697,2016,1
27088054,39806549,2016,1
27088054,38247697,2016,1
38247697,39806549,2016,1
38247697,88798747,2016,1
2593427,88798747,2016,1
2593427,38247697,2016,1
152695921,50526493,2016,2
30341953,50526493,2016,2
1409432424,50526493,2016,2
27397386,50526493,2016,2
50526493,6585130,2016,2
152695921,30341953,2016,2
1409432424,152695921,2016,2
152695921,27397386,2016,2
152695921,6585130,2016,2
1409432424,30341953,2016,2
27397386,30341953,2016,2
30341953,6585130,2016,2
1409432424,27397386,2016,2
1409432424,6585130,2016,2
27397386,6585130,2016,2
145079022,2310276,2016,1
2310276,4579132,2016,1
2310276,4804476,2016,1
2310276,2431185,2016,1
1398054936,2310276,2016,1
2310276,6357280,2016,1
2310276,3479346,2016,1
2310276,4718435,2016,1
2310276,33393854,2016,1
145759191,2310276,2016,1
1714850,2310276,2016,1
117818460,2310276,2016,1
1409432424,2310276,2016,1
2310276,5607326,2016,1
2310276,32199153,2016,1
2310276,40581461,2016,1
145079022,4579132,2016,1
145079022,4804476,2016,1
145079022,2431185,2016,1
1398054936,145079022,2016,1
145079022,6357280,2016,1
145079022,3479346,2016,1
145079022,4718435,2016,1
145079022,33393854,2016,1
145079022,145759191,2016,1
145079022,1714850,2016,1
117818460,145079022,2016,1
1409432424,145079022,2016,1
145079022,5607326,2016,1
145079022,32199153,2016,1
145079022,40581461,2016,1
4579132,4804476,2016,1
2431185,4579132,2016,1
1398054936,4579132,2016,1
4579132,6357280,2016,1
3479346,4579132,2016,1
4579132,4718435,2016,1
33393854,4579132,2016,1
145759191,4579132,2016,1
1714850,4579132,2016,1
117818460,4579132,2016,1
1409432424,4579132,2016,1
4579132,5607326,2016,1
32199153,4579132,2016,1
40581461,4579132,2016,1
2431185,4804476,2016,1
1398054936,4804476,2016,1
4804476,6357280,2016,1
3479346,4804476,2016,1
4718435,4804476,2016,1
33393854,4804476,2016,1
145759191,4804476,2016,1
1714850,4804476,2016,1
117818460,4804476,2016,1
1409432424,4804476,2016,1
4804476,5607326,2016,1
32199153,4804476,2016,1
40581461,4804476,2016,1
1398054936,2431185,2016,1
2431185,6357280,2016,1
2431185,3479346,2016,1
2431185,4718435,2016,1
2431185,33393854,2016,1
145759191,2431185,2016,1
1714850,2431185,2016,1
117818460,2431185,2016,1
1409432424,2431185,2016,1
2431185,5607326,2016,1
2431185,32199153,2016,1
2431185,40581461,2016,1
1398054936,6357280,2016,1
1398054936,3479346,2016,1
1398054936,4718435,2016,1
1398054936,33393854,2016,1
1398054936,145759191,2016,1
1398054936,1714850,2016,1
117818460,1398054936,2016,1
1398054936,1409432424,2016,1
1398054936,5607326,2016,1
1398054936,32199153,2016,1
1398054936,40581461,2016,1
3479346,6357280,2016,1
4718435,6357280,2016,1
33393854,6357280,2016,1
145759191,6357280,2016,1
1714850,6357280,2016,1
117818460,6357280,2016,1
1409432424,6357280,2016,1
5607326,6357280,2016,1
32199153,6357280,2016,1
40581461,6357280,2016,1
3479346,4718435,2016,1
33393854,3479346,2016,1
145759191,3479346,2016,1
1714850,3479346,2016,1
117818460,3479346,2016,1
1409432424,3479346,2016,1
3479346,5607326,2016,1
32199153,3479346,2016,1
3479346,40581461,2016,1
33393854,4718435,2016,1
145759191,4718435,2016,1
1714850,4718435,2016,1
117818460,4718435,2016,1
1409432424,4718435,2016,1
4718435,5607326,2016,1
32199153,4718435,2016,1
40581461,4718435,2016,1
145759191,33393854,2016,1
1714850,33393854,2016,1
117818460,33393854,2016,1
1409432424,33393854,2016,1
33393854,5607326,2016,1
32199153,33393854,2016,1
33393854,40581461,2016,1
145759191,1714850,2016,1
117818460,145759191,2016,1
1409432424,145759191,2016,1
145759191,5607326,2016,1
145759191,32199153,2016,1
145759191,40581461,2016,1
117818460,1714850,2016,1
1409432424,1714850,2016,1
1714850,5607326,2016,1
1714850,32199153,2016,1
1714850,40581461,2016,1
117818460,1409432424,2016,1
117818460,5607326,2016,1
117818460,32199153,2016,1
117818460,40581461,2016,1
1409432424,5607326,2016,1
1409432424,32199153,2016,1
1409432424,40581461,2016,1
32199153,5607326,2016,1
40581461,5607326,2016,1
32199153,40581461,2016,1
32725984,97865049,2016,2
29113221,97865049,2016,3
1409432424,97865049,2016,2
34228632,97865049,2016,2
29113221,32725984,2016,6
1409432424,32725984,2016,2
32725984,34228632,2016,2
1409432424,29113221,2016,2
29113221,34228632,2016,2
1409432424,34228632,2016,2
1664813410,51166627,2016,1
1409432424,51166627,2016,1
12584376,51166627,2016,1
145473707,51166627,2016,1
49487400,51166627,2016,1
51166627,51168328,2016,1
1409432424,1664813410,2016,1
12584376,1664813410,2016,1
145473707,1664813410,2016,1
1664813410,49487400,2016,1
1664813410,51168328,2016,1
12584376,1409432424,2016,1
1409432424,145473707,2016,1
1409432424,49487400,2016,1
1409432424,51168328,2016,1
12584376,145473707,2016,1
12584376,49487400,2016,1
12584376,51168328,2016,1
145473707,49487400,2016,1
145473707,51168328,2016,1
49487400,51168328,2016,1
32049133,8782044,2016,1
49610004,8782044,2016,1
1397755107,8782044,2016,1
1394113688,8782044,2016,1
1409432424,8782044,2016,1
2433303,8782044,2016,1
32049133,49610004,2016,1
1397755107,32049133,2016,1
1394113688,32049133,2016,1
1409432424,32049133,2016,1
2433303,32049133,2016,1
1397755107,49610004,2016,1
1394113688,49610004,2016,1
1409432424,49610004,2016,1
2433303,49610004,2016,1
1394113688,1397755107,2016,1
1397755107,1409432424,2016,1
1397755107,2433303,2016,1
1394113688,1409432424,2016,1
1394113688,2433303,2016,1
1409432424,2433303,2016,1
3019505,50364001,2016,1
1409432424,50364001,2016,1
1798420,50364001,2016,1
35406434,50364001,2016,1
1409432424,3019505,2016,1
1798420,3019505,2016,1
3019505,35406434,2016,1
1409432424,1798420,2016,1
1409432424,35406434,2016,1
1798420,35406434,2016,1
143984489,32161108,2016,1
143984489,40421115,2016,1
143984489,4247868,2016,1
1409432424,143984489,2016,1
32161108,40421115,2016,1
32161108,4247868,2016,1
1409432424,32161108,2016,1
40421115,4247868,2016,1
1409432424,40421115,2016,1
1409432424,4247868,2016,1
2379171,30341953,2016,1
2004225,30341953,2016,1
30341953,3179961,2016,1
2632934,30341953,2016,1
2379171,50526493,2016,1
152695921,2379171,2016,1
2004225,2379171,2016,1
2379171,3179961,2016,1
2379171,2632934,2016,1
1409432424,2379171,2016,1
2379171,27397386,2016,1
2379171,6585130,2016,1
2004225,50526493,2016,1
3179961,50526493,2016,1
2632934,50526493,2016,1
152695921,2004225,2016,1
152695921,3179961,2016,1
152695921,2632934,2016,1
2004225,3179961,2016,1
2004225,2632934,2016,1
1409432424,2004225,2016,1
2004225,27397386,2016,1
2004225,6585130,2016,1
2632934,3179961,2016,1
1409432424,3179961,2016,1
27397386,3179961,2016,1
3179961,6585130,2016,1
1409432424,2632934,2016,1
2632934,27397386,2016,1
2632934,6585130,2016,1
5287907,90541771,2016,1
1409432424,90541771,2016,1
90541771,9671719,2016,1
100815423,90541771,2016,1
1409432424,5287907,2016,1
5287907,9671719,2016,1
100815423,5287907,2016,1
1409432424,9671719,2016,1
100815423,1409432424,2016,1
100815423,9671719,2016,1
39810094,98785213,2016,1
1409432424,98785213,2016,1
66909610,98785213,2016,1
3301909,98785213,2016,1
1409432424,39810094,2016,1
39810094,66909610,2016,1
3301909,39810094,2016,1
1409432424,66909610,2016,1
1409432424,3301909,2016,1
3301909,66909610,2016,1
1387936232,2232853,2016,8
2232853,2295961,2016,6
2232853,2648477,2016,6
1387936232,2295961,2016,7
1387936232,2648477,2016,6
2295961,2648477,2016,4
1387936232,1828090,2016,2
1387936232,48550490,2016,3
1828090,2295961,2016,2
2295961,48550490,2016,2
1828090,2232853,2016,2
1828090,48550490,2016,2
2232853,48550490,2016,2
2096311,2232853,2016,2
2232853,39382626,2016,2
1387936232,2096311,2016,2
2096311,39382626,2016,2
2096311,2648477,2016,2
1387936232,39382626,2016,2
2648477,39382626,2016,2
145043122,2277354,2016,2
2277354,49847317,2016,2
2277354,66177378,2016,1
1411921755,2277354,2016,1
2277354,2943065,2016,2
2277354,49117973,2016,1
145043122,49847317,2016,2
145043122,66177378,2016,1
1411921755,145043122,2016,1
145043122,2943065,2016,2
145043122,49117973,2016,1
49847317,66177378,2016,1
1411921755,49847317,2016,1
2943065,49847317,2016,2
49117973,49847317,2016,1
1411921755,66177378,2016,1
2943065,66177378,2016,1
49117973,66177378,2016,1
1411921755,2943065,2016,1
1411921755,49117973,2016,1
2943065,49117973,2016,1
2034011,4036212,2016,1
2943065,4036212,2016,2
3229047,4036212,2016,2
2034011,2943065,2016,1
2034011,3229047,2016,1
2943065,3229047,2016,3
4036212,7407062,2016,1
2943065,7407062,2016,1
3229047,7407062,2016,1
2086297,4449210,2016,2
4449210,5038543,2016,2
2943065,4449210,2016,2
2306613,4449210,2016,2
143720385,4449210,2016,2
4449210,8589348,2016,2
2086297,5038543,2016,2
2086297,2943065,2016,2
2086297,2306613,2016,2
143720385,2086297,2016,2
2086297,8589348,2016,2
2943065,5038543,2016,2
2306613,5038543,2016,2
143720385,5038543,2016,2
5038543,8589348,2016,2
2306613,2943065,2016,2
143720385,2943065,2016,2
2943065,8589348,2016,2
143720385,2306613,2016,2
2306613,8589348,2016,2
143720385,8589348,2016,2
117464257,144056748,2016,1
117464257,2030015,2016,1
117464257,144159535,2016,1
117464257,2943065,2016,1
117464257,2454682,2016,1
117464257,3757801,2016,1
117464257,6843625,2016,1
117464257,2683022,2016,1
144056748,2030015,2016,1
144056748,144159535,2016,1
144056748,2943065,2016,1
144056748,2454682,2016,1
144056748,3757801,2016,1
144056748,6843625,2016,1
144056748,2683022,2016,1
144159535,2030015,2016,1
2030015,2943065,2016,1
2030015,2454682,2016,1
2030015,3757801,2016,1
2030015,6843625,2016,1
2030015,2683022,2016,1
144159535,2943065,2016,1
144159535,2454682,2016,1
144159535,3757801,2016,1
144159535,6843625,2016,1
144159535,2683022,2016,1
2454682,2943065,2016,1
2943065,3757801,2016,1
2943065,6843625,2016,1
2683022,2943065,2016,1
2454682,3757801,2016,1
2454682,6843625,2016,1
2454682,2683022,2016,1
3757801,6843625,2016,1
2683022,3757801,2016,1
2683022,6843625,2016,1
3948067,5306981,2016,1
39401190,3948067,2016,1
2186062,3948067,2016,1
3229047,3948067,2016,1
2943065,3948067,2016,1
39401190,5306981,2016,1
2186062,5306981,2016,1
3229047,5306981,2016,1
2943065,5306981,2016,1
2186062,39401190,2016,1
3229047,39401190,2016,1
2943065,39401190,2016,1
2186062,3229047,2016,1
2186062,2943065,2016,1
47592009,49847317,2016,1
49847317,50610127,2016,1
31415083,49847317,2016,1
49847317,6578850,2016,1
49847317,5062963,2016,1
49847317,5261191,2016,1
2053505578,49847317,2016,1
2277354,47592009,2016,1
2277354,50610127,2016,1
2277354,31415083,2016,1
2277354,6578850,2016,1
2277354,5062963,2016,1
2277354,5261191,2016,1
2053505578,2277354,2016,1
2943065,47592009,2016,1
47592009,50610127,2016,1
31415083,47592009,2016,1
47592009,6578850,2016,1
47592009,5062963,2016,1
47592009,5261191,2016,1
2053505578,47592009,2016,1
145043122,47592009,2016,1
2943065,50610127,2016,1
2943065,31415083,2016,1
2943065,6578850,2016,1
2943065,5062963,2016,1
2943065,5261191,2016,1
2053505578,2943065,2016,1
31415083,50610127,2016,1
50610127,6578850,2016,1
50610127,5062963,2016,1
50610127,5261191,2016,1
2053505578,50610127,2016,1
145043122,50610127,2016,1
31415083,6578850,2016,1
31415083,5062963,2016,1
31415083,5261191,2016,1
2053505578,31415083,2016,1
145043122,31415083,2016,1
5062963,6578850,2016,1
5261191,6578850,2016,1
2053505578,6578850,2016,1
145043122,6578850,2016,1
5062963,5261191,2016,1
2053505578,5062963,2016,1
145043122,5062963,2016,1
2053505578,5261191,2016,1
145043122,5261191,2016,1
145043122,2053505578,2016,1
1397991964,153820013,2016,1
1397991964,34485307,2016,1
1397991964,143886193,2016,1
1397991964,144385759,2016,1
1397991964,144330180,2016,1
1397991964,2943065,2016,1
1397991964,31610078,2016,1
153820013,34485307,2016,1
143886193,153820013,2016,1
144385759,153820013,2016,1
144330180,153820013,2016,1
153820013,2943065,2016,1
153820013,31610078,2016,1
143886193,34485307,2016,1
144385759,34485307,2016,1
144330180,34485307,2016,1
2943065,34485307,2016,1
31610078,34485307,2016,1
143886193,144385759,2016,1
143886193,144330180,2016,1
143886193,2943065,2016,1
143886193,31610078,2016,1
144330180,144385759,2016,1
144385759,2943065,2016,1
144385759,31610078,2016,1
144330180,2943065,2016,1
144330180,31610078,2016,1
2943065,31610078,2016,1
2210921,2293193,2016,2
2210921,2660575,2016,2
2210921,2310860,2016,2
2293193,2660575,2016,20
2293193,2310860,2016,20
2310860,2660575,2016,30
13568600,2293193,2016,8
2293193,3422747,2016,4
13568600,3422747,2016,4
13568600,2310860,2016,8
13568600,2660575,2016,8
2310860,3422747,2016,4
2660575,3422747,2016,4
1931674510,7373730,2016,8
1931674510,2310860,2016,8
1931674510,2660575,2016,8
1931674510,2011787,2016,8
1931674510,2229958,2016,10
2310860,7373730,2016,10
2660575,7373730,2016,8
2011787,7373730,2016,8
2229958,7373730,2016,8
2011787,2310860,2016,8
2229958,2310860,2016,14
2011787,2660575,2016,8
2229958,2660575,2016,14
2011787,2229958,2016,8
2229958,2459453,2016,6
2293193,2459453,2016,8
2425460,2459453,2016,6
2310860,2459453,2016,8
2459453,2660575,2016,8
2229958,2293193,2016,6
2229958,2425460,2016,6
2293193,2425460,2016,6
2310860,2425460,2016,6
2425460,2660575,2016,6
145334595,2293193,2016,2
145334595,2310860,2016,2
145334595,2660575,2016,2
2310860,3407874,2016,2
2660575,3407874,2016,2
17845906,2660575,2016,2
2660575,49289047,2016,2
17834103,2660575,2016,2
17845906,49289047,2016,2
17834103,17845906,2016,2
13568600,17845906,2016,2
17845906,2293193,2016,2
17845906,2459453,2016,2
17845906,2310860,2016,2
17834103,49289047,2016,2
13568600,49289047,2016,2
2293193,49289047,2016,2
2459453,49289047,2016,2
2310860,49289047,2016,2
13568600,17834103,2016,2
17834103,2293193,2016,2
17834103,2459453,2016,2
17834103,2310860,2016,2
13568600,2459453,2016,2
2293193,48405319,2016,2
3451548,48405319,2016,2
2660575,48405319,2016,2
2310860,48405319,2016,3
144057492,48405319,2016,2
2293193,3451548,2016,2
144057492,2293193,2016,2
2660575,3451548,2016,2
2310860,3451548,2016,2
144057492,3451548,2016,2
144057492,2660575,2016,2
144057492,2310860,2016,2
3391180,3436446,2016,1
2350947,3436446,2016,1
2350947,3391180,2016,12
3378428,3391180,2016,7
2350947,3378428,2016,7
2354072,3391180,2016,2
1728207,2354072,2016,2
1946641,2354072,2016,2
2354072,2909360,2016,2
2354072,7451997,2016,2
2350947,2354072,2016,2
144728530,2354072,2016,2
1728207,3391180,2016,2
1946641,3391180,2016,2
2909360,3391180,2016,2
3391180,7451997,2016,2
144728530,3391180,2016,2
1728207,1946641,2016,2
1728207,2909360,2016,2
1728207,7451997,2016,2
1728207,2350947,2016,2
144728530,1728207,2016,2
1946641,2909360,2016,2
1946641,7451997,2016,2
1946641,2350947,2016,2
144728530,1946641,2016,2
2909360,7451997,2016,2
2350947,2909360,2016,2
144728530,2909360,2016,2
2350947,7451997,2016,2
144728530,7451997,2016,2
144728530,2350947,2016,2
3378428,34672651,2016,2
3391180,34672651,2016,2
2350947,34672651,2016,2
27346372,3391180,2016,1
2350947,27346372,2016,1
3391180,40246773,2016,1
145910067,40246773,2016,1
2350947,40246773,2016,1
3455029,40246773,2016,1
3455450,40246773,2016,1
1729551,40246773,2016,1
2061263795,40246773,2016,1
1576299032,40246773,2016,1
40246773,9301670,2016,1
2083261718,40246773,2016,1
2050252551,40246773,2016,1
145910067,3391180,2016,1
3391180,3455029,2016,1
3391180,3455450,2016,1
1729551,3391180,2016,1
2061263795,3391180,2016,1
1576299032,3391180,2016,1
3391180,9301670,2016,1
2083261718,3391180,2016,1
2050252551,3391180,2016,1
145910067,2350947,2016,1
145910067,3455029,2016,1
145910067,3455450,2016,1
145910067,1729551,2016,1
145910067,2061263795,2016,1
145910067,1576299032,2016,1
145910067,9301670,2016,1
145910067,2083261718,2016,1
145910067,2050252551,2016,1
2350947,3455029,2016,1
2350947,3455450,2016,1
1729551,2350947,2016,1
2061263795,2350947,2016,1
1576299032,2350947,2016,1
2350947,9301670,2016,1
2083261718,2350947,2016,1
2050252551,2350947,2016,1
3455029,3455450,2016,1
1729551,3455029,2016,1
2061263795,3455029,2016,1
1576299032,3455029,2016,1
3455029,9301670,2016,1
2083261718,3455029,2016,1
2050252551,3455029,2016,1
1729551,3455450,2016,1
2061263795,3455450,2016,1
1576299032,3455450,2016,1
3455450,9301670,2016,1
2083261718,3455450,2016,1
2050252551,3455450,2016,1
1729551,2061263795,2016,1
1576299032,1729551,2016,1
1729551,9301670,2016,1
1729551,2083261718,2016,1
1729551,2050252551,2016,1
1576299032,2061263795,2016,1
2061263795,9301670,2016,1
2061263795,2083261718,2016,1
2050252551,2061263795,2016,1
1576299032,9301670,2016,1
1576299032,2083261718,2016,1
1576299032,2050252551,2016,1
2083261718,9301670,2016,1
2050252551,9301670,2016,1
2050252551,2083261718,2016,1
3378428,48456630,2016,1
3378428,47945221,2016,1
2489809,3378428,2016,1
143800181,3378428,2016,1
3391180,48456630,2016,1
3391180,47945221,2016,1
2489809,3391180,2016,1
143800181,3391180,2016,1
47945221,48456630,2016,1
2489809,48456630,2016,1
143800181,48456630,2016,1
2350947,48456630,2016,1
2489809,47945221,2016,1
143800181,47945221,2016,1
2350947,47945221,2016,1
143800181,2489809,2016,1
2350947,2489809,2016,1
143800181,2350947,2016,1
33214090,47372745,2016,1
46257803,47372745,2016,1
32725984,47372745,2016,1
1701703,47372745,2016,1
29113221,47372745,2016,1
33214090,46257803,2016,1
32725984,33214090,2016,1
1701703,33214090,2016,1
29113221,33214090,2016,1
32725984,46257803,2016,2
1701703,46257803,2016,1
29113221,46257803,2016,3
1701703,32725984,2016,1
1701703,29113221,2016,1
38615715,4544042,2016,1
1794957,38615715,2016,1
2140533,38615715,2016,1
11751685,38615715,2016,1
38615715,5174017,2016,1
145215895,38615715,2016,1
2354970,38615715,2016,1
3172681,38615715,2016,1
38615715,70184083,2016,1
151353105,38615715,2016,1
2851243,38615715,2016,1
38615715,4168564,2016,1
38615715,3879996,2016,1
1650333600,38615715,2016,1
3845071,38615715,2016,1
29113221,38615715,2016,1
2177095843,38615715,2016,1
1794957,4544042,2016,1
2140533,4544042,2016,1
11751685,4544042,2016,1
4544042,5174017,2016,1
145215895,4544042,2016,1
2354970,4544042,2016,1
3172681,4544042,2016,1
4544042,70184083,2016,1
151353105,4544042,2016,1
2851243,4544042,2016,1
4168564,4544042,2016,1
3879996,4544042,2016,1
1650333600,4544042,2016,1
3845071,4544042,2016,1
29113221,4544042,2016,1
2177095843,4544042,2016,1
1794957,2140533,2016,1
11751685,1794957,2016,1
1794957,5174017,2016,1
145215895,1794957,2016,1
1794957,2354970,2016,1
1794957,3172681,2016,1
1794957,70184083,2016,1
151353105,1794957,2016,1
1794957,2851243,2016,1
1794957,4168564,2016,1
1794957,3879996,2016,1
1650333600,1794957,2016,1
1794957,3845071,2016,1
1794957,29113221,2016,1
1794957,2177095843,2016,1
11751685,2140533,2016,1
2140533,5174017,2016,1
145215895,2140533,2016,1
2140533,2354970,2016,1
2140533,3172681,2016,1
2140533,70184083,2016,1
151353105,2140533,2016,1
2140533,2851243,2016,1
2140533,4168564,2016,1
2140533,3879996,2016,1
1650333600,2140533,2016,1
2140533,3845071,2016,1
2140533,29113221,2016,1
2140533,2177095843,2016,1
11751685,5174017,2016,1
11751685,145215895,2016,1
11751685,2354970,2016,1
11751685,3172681,2016,1
11751685,70184083,2016,1
11751685,151353105,2016,1
11751685,2851243,2016,1
11751685,4168564,2016,1
11751685,3879996,2016,1
11751685,1650333600,2016,1
11751685,3845071,2016,1
11751685,29113221,2016,1
11751685,2177095843,2016,1
145215895,5174017,2016,1
2354970,5174017,2016,1
3172681,5174017,2016,1
5174017,70184083,2016,1
151353105,5174017,2016,1
2851243,5174017,2016,1
4168564,5174017,2016,1
3879996,5174017,2016,1
1650333600,5174017,2016,1
3845071,5174017,2016,1
29113221,5174017,2016,1
2177095843,5174017,2016,1
145215895,2354970,2016,1
145215895,3172681,2016,1
145215895,70184083,2016,1
145215895,151353105,2016,1
145215895,2851243,2016,1
145215895,4168564,2016,1
145215895,3879996,2016,1
145215895,1650333600,2016,1
145215895,3845071,2016,1
145215895,29113221,2016,1
145215895,2177095843,2016,1
2354970,3172681,2016,1
2354970,70184083,2016,1
151353105,2354970,2016,1
2354970,2851243,2016,1
2354970,4168564,2016,1
2354970,3879996,2016,1
1650333600,2354970,2016,1
2354970,3845071,2016,1
2354970,29113221,2016,1
2177095843,2354970,2016,1
3172681,70184083,2016,1
151353105,3172681,2016,1
2851243,3172681,2016,1
3172681,4168564,2016,1
3172681,3879996,2016,1
1650333600,3172681,2016,1
3172681,3845071,2016,1
29113221,3172681,2016,1
2177095843,3172681,2016,1
151353105,70184083,2016,1
2851243,70184083,2016,1
4168564,70184083,2016,1
3879996,70184083,2016,1
1650333600,70184083,2016,1
3845071,70184083,2016,1
29113221,70184083,2016,1
2177095843,70184083,2016,1
151353105,2851243,2016,1
151353105,4168564,2016,1
151353105,3879996,2016,1
151353105,1650333600,2016,1
151353105,3845071,2016,1
151353105,29113221,2016,1
151353105,2177095843,2016,1
2851243,4168564,2016,1
2851243,3879996,2016,1
1650333600,2851243,2016,1
2851243,3845071,2016,1
2851243,29113221,2016,1
2177095843,2851243,2016,1
3879996,4168564,2016,1
1650333600,4168564,2016,1
3845071,4168564,2016,1
29113221,4168564,2016,1
2177095843,4168564,2016,1
1650333600,3879996,2016,1
3845071,3879996,2016,1
29113221,3879996,2016,1
2177095843,3879996,2016,1
1650333600,3845071,2016,1
1650333600,29113221,2016,1
1650333600,2177095843,2016,1
29113221,3845071,2016,1
2177095843,3845071,2016,1
2177095843,29113221,2016,1
94734409,97448469,2016,1
2058535509,94734409,2016,1
2073379888,94734409,2016,1
144159015,94734409,2016,1
29113221,94734409,2016,1
32725984,94734409,2016,1
2058535509,97448469,2016,1
2073379888,97448469,2016,1
144159015,97448469,2016,1
29113221,97448469,2016,1
32725984,97448469,2016,1
2058535509,2073379888,2016,1
144159015,2058535509,2016,1
2058535509,29113221,2016,1
2058535509,32725984,2016,1
144159015,2073379888,2016,1
2073379888,29113221,2016,1
2073379888,32725984,2016,1
144159015,29113221,2016,1
144159015,32725984,2016,1
144653890,46257803,2016,1
34420092,46257803,2016,1
144653890,34420092,2016,1
144653890,32725984,2016,1
144653890,29113221,2016,1
32725984,34420092,2016,1
29113221,34420092,2016,1
117103001,32725984,2016,1
117103001,29113221,2016,1
46257803,97865049,2016,1
152284226,97865049,2016,1
152284226,46257803,2016,1
152284226,29113221,2016,1
2449352,32567877,2016,2
2324648,32567877,2016,2
29113221,32567877,2016,2
2324648,2449352,2016,2
2449352,29113221,2016,2
2324648,29113221,2016,2
1399507912,2339106,2016,1
2339106,29113221,2016,1
2339106,2691640,2016,1
1399507912,29113221,2016,1
1399507912,2691640,2016,1
2691640,29113221,2016,1
2111171703,4444363,2016,2
4444363,6387468,2016,1
4444363,87786187,2016,1
2111171703,87786187,2016,1
145046057,1470763014,2016,1
145046057,6949291,2016,2
1400952802,145046057,2016,1
145046057,35030255,2016,2
1400952802,6949291,2016,1
35030255,6949291,2016,2
1400952802,35030255,2016,1
3414866,3441542,2016,1
3441542,3441704,2016,1
3415090,3441542,2016,1
2257080,3441542,2016,1
3415085,3441542,2016,1
145046057,3441542,2016,1
2289108,3441542,2016,1
3414866,3441704,2016,1
3414866,3415090,2016,1
2257080,3414866,2016,1
3414866,3415085,2016,1
145046057,3414866,2016,1
2289108,3414866,2016,1
3415090,3441704,2016,1
2257080,3441704,2016,1
3415085,3441704,2016,1
145046057,3441704,2016,1
2289108,3441704,2016,1
2257080,3415090,2016,1
3415085,3415090,2016,1
145046057,3415090,2016,1
2289108,3415090,2016,1
2257080,3415085,2016,1
145046057,2257080,2016,1
2257080,2289108,2016,1
145046057,3415085,2016,1
2289108,3415085,2016,1
145046057,2289108,2016,1
1404501990,145046057,2016,1
1404501990,6949291,2016,1
1404501990,35030255,2016,1
144549404,145046057,2016,1
1406175692,145046057,2016,1
145046057,1767879,2016,1
1406175692,144549404,2016,1
144549404,1767879,2016,1
1406175692,1767879,2016,1
2770002,4786216,2016,1
4786216,6540025,2016,1
4786216,5865916,2016,1
145046057,4786216,2016,1
1755312,4786216,2016,1
4786216,90145049,2016,1
2328040,4786216,2016,1
3178718,4786216,2016,1
29861580,4786216,2016,1
4786216,5635868,2016,1
1831766,4786216,2016,1
2770002,6540025,2016,1
2770002,5865916,2016,1
145046057,2770002,2016,1
1755312,2770002,2016,1
2770002,90145049,2016,1
2328040,2770002,2016,1
2770002,3178718,2016,1
2770002,29861580,2016,1
2770002,5635868,2016,1
1831766,2770002,2016,1
5865916,6540025,2016,1
145046057,6540025,2016,1
1755312,6540025,2016,1
6540025,90145049,2016,1
2328040,6540025,2016,1
3178718,6540025,2016,1
29861580,6540025,2016,1
5635868,6540025,2016,1
1831766,6540025,2016,1
145046057,5865916,2016,1
1755312,5865916,2016,1
5865916,90145049,2016,1
2328040,5865916,2016,1
3178718,5865916,2016,1
29861580,5865916,2016,1
5635868,5865916,2016,1
1831766,5865916,2016,1
145046057,1755312,2016,1
145046057,90145049,2016,1
145046057,2328040,2016,1
145046057,3178718,2016,1
145046057,29861580,2016,1
145046057,5635868,2016,1
145046057,1831766,2016,1
1755312,90145049,2016,1
1755312,2328040,2016,1
1755312,3178718,2016,1
1755312,29861580,2016,1
1755312,5635868,2016,1
1755312,1831766,2016,1
2328040,90145049,2016,1
3178718,90145049,2016,1
29861580,90145049,2016,1
5635868,90145049,2016,1
1831766,90145049,2016,1
2328040,3178718,2016,1
2328040,29861580,2016,1
2328040,5635868,2016,1
1831766,2328040,2016,1
29861580,3178718,2016,1
3178718,5635868,2016,1
1831766,3178718,2016,1
29861580,5635868,2016,1
1831766,29861580,2016,1
1831766,5635868,2016,1
2136506666,46298112,2016,2
46298112,80002282,2016,2
150226109,46298112,2016,2
41154567,46298112,2016,2
3250989,46298112,2016,2
46298112,47024989,2016,2
2136506666,80002282,2016,2
150226109,2136506666,2016,2
2136506666,41154567,2016,2
2136506666,3250989,2016,2
2136506666,47024989,2016,2
150226109,80002282,2016,2
41154567,80002282,2016,2
3250989,80002282,2016,2
47024989,80002282,2016,2
150226109,41154567,2016,2
150226109,3250989,2016,2
150226109,47024989,2016,2
3250989,41154567,2016,2
41154567,47024989,2016,2
3250989,47024989,2016,2
1732789,2405360,2016,1
1732789,2415287,2016,1
143775793,1732789,2016,1
1732789,2059687989,2016,1
2405360,2415287,2016,1
143775793,2405360,2016,1
2059687989,2405360,2016,1
143775793,2415287,2016,1
2059687989,2415287,2016,1
143775793,2059687989,2016,1
2309967,65939172,2016,1
1732789,65939172,2016,1
37469647,65939172,2016,1
1732789,2309967,2016,1
2309967,37469647,2016,1
1732789,37469647,2016,1
2449352,3363956,2016,1
1747909,2800259,2016,5
1747909,2988125,2016,2
1747909,7373730,2016,4
2988125,7373730,2016,2
2800259,2988125,2016,2
2800259,7373730,2016,4
1846883,2800259,2016,1
1846883,2917010,2016,1
2800259,2917010,2016,1
1807666,2800259,2016,2
1747909,1807666,2016,2
1736793,1807666,2016,2
1807666,7373730,2016,2
1736793,2800259,2016,2
1736793,1747909,2016,2
1736793,7373730,2016,2
2323980,2480881,2016,1
1387936232,2323980,2016,1
1387936232,2480881,2016,1
2295961,2307982,2016,1
1387936232,2307982,2016,1
2178815,3393419,2016,1
1920647,2178815,2016,1
2178815,49226277,2016,1
1935833,2178815,2016,1
2178815,2415125,2016,1
1387936232,2178815,2016,1
2178815,3190491,2016,1
2178815,3393713,2016,1
1760743,2178815,2016,1
2178815,2900564,2016,1
2178815,48550490,2016,1
2178815,3393231,2016,1
2178815,50157448,2016,1
143613254,2178815,2016,1
1920647,3393419,2016,1
3393419,49226277,2016,1
1935833,3393419,2016,1
2415125,3393419,2016,1
1387936232,3393419,2016,1
3190491,3393419,2016,1
3393419,3393713,2016,1
1760743,3393419,2016,1
2900564,3393419,2016,1
3393419,48550490,2016,1
3393231,3393419,2016,1
3393419,50157448,2016,1
143613254,3393419,2016,1
1920647,49226277,2016,1
1920647,1935833,2016,1
1920647,2415125,2016,1
1387936232,1920647,2016,1
1920647,3190491,2016,1
1920647,3393713,2016,1
1760743,1920647,2016,1
1920647,2900564,2016,1
1920647,48550490,2016,1
1920647,3393231,2016,1
1920647,50157448,2016,1
143613254,1920647,2016,1
1935833,49226277,2016,1
2415125,49226277,2016,1
1387936232,49226277,2016,1
3190491,49226277,2016,1
3393713,49226277,2016,1
1760743,49226277,2016,1
2900564,49226277,2016,1
48550490,49226277,2016,1
3393231,49226277,2016,1
49226277,50157448,2016,1
143613254,49226277,2016,1
1935833,2415125,2016,1
1387936232,1935833,2016,1
1935833,3190491,2016,1
1935833,3393713,2016,1
1760743,1935833,2016,1
1935833,2900564,2016,1
1935833,48550490,2016,1
1935833,3393231,2016,1
1935833,50157448,2016,1
143613254,1935833,2016,1
1387936232,2415125,2016,1
2415125,3190491,2016,1
2415125,3393713,2016,1
1760743,2415125,2016,1
2415125,2900564,2016,1
2415125,48550490,2016,1
2415125,3393231,2016,1
2415125,50157448,2016,1
143613254,2415125,2016,1
1387936232,3190491,2016,1
1387936232,3393713,2016,1
1387936232,1760743,2016,1
1387936232,2900564,2016,1
1387936232,3393231,2016,1
1387936232,50157448,2016,1
1387936232,143613254,2016,1
3190491,3393713,2016,1
1760743,3190491,2016,1
2900564,3190491,2016,1
3190491,48550490,2016,1
3190491,3393231,2016,1
3190491,50157448,2016,1
143613254,3190491,2016,1
1760743,3393713,2016,1
2900564,3393713,2016,1
3393713,48550490,2016,1
3393231,3393713,2016,1
3393713,50157448,2016,1
143613254,3393713,2016,1
1760743,2900564,2016,1
1760743,48550490,2016,1
1760743,3393231,2016,1
1760743,50157448,2016,1
143613254,1760743,2016,1
2900564,48550490,2016,1
2900564,3393231,2016,1
2900564,50157448,2016,1
143613254,2900564,2016,1
3393231,48550490,2016,1
48550490,50157448,2016,1
143613254,48550490,2016,1
3393231,50157448,2016,1
143613254,3393231,2016,1
143613254,50157448,2016,1
3219767,9822439,2016,1
3096649,9822439,2016,1
3096649,3219767,2016,1
2724834,8897266,2016,3
8897266,92332427,2016,3
145649992,8897266,2016,3
7373730,8897266,2016,5
2724834,92332427,2016,3
145649992,2724834,2016,3
2724834,7373730,2016,3
145649992,92332427,2016,3
7373730,92332427,2016,3
145649992,7373730,2016,3
3450084,8897266,2016,2
3450084,7373730,2016,2
1767879,3450084,2016,2
1767879,8897266,2016,2
1767879,7373730,2016,2
2940351,3450084,2016,1
145954292,3450084,2016,1
1693228,3450084,2016,1
2940351,8897266,2016,1
145954292,8897266,2016,1
1693228,8897266,2016,1
2940351,7373730,2016,1
145954292,7373730,2016,1
1693228,7373730,2016,1
1767879,2940351,2016,1
145954292,1767879,2016,1
1693228,1767879,2016,1
145954292,2940351,2016,1
1693228,2940351,2016,1
145954292,1693228,2016,1
20431029,3469096,2016,4
20431029,2083569,2016,4
20431029,2118905696,2016,3
20431029,2054802592,2016,3
20431029,7373730,2016,4
20431029,2064278072,2016,2
144237759,20431029,2016,2
2083569,3469096,2016,4
2118905696,3469096,2016,3
2054802592,3469096,2016,3
3469096,7373730,2016,4
2064278072,3469096,2016,2
144237759,3469096,2016,2
2083569,2118905696,2016,3
2054802592,2083569,2016,3
2083569,7373730,2016,4
2064278072,2083569,2016,2
144237759,2083569,2016,2
2054802592,2118905696,2016,3
2118905696,7373730,2016,3
2064278072,2118905696,2016,2
144237759,2118905696,2016,2
2054802592,7373730,2016,3
2054802592,2064278072,2016,2
144237759,2054802592,2016,2
2064278072,7373730,2016,2
144237759,7373730,2016,2
144237759,2064278072,2016,1
115638823,7373730,2016,1
20431029,3385421,2016,1
20431029,2110117153,2016,1
3385421,3469096,2016,1
2110117153,3469096,2016,1
2083569,3385421,2016,1
2083569,2110117153,2016,1
2118905696,3385421,2016,1
2110117153,2118905696,2016,1
2054802592,3385421,2016,1
2054802592,2110117153,2016,1
3385421,7373730,2016,1
2110117153,7373730,2016,1
2064278072,3385421,2016,1
2064278072,2110117153,2016,1
2110117153,3385421,2016,1
2059869876,7373730,2016,1
1966140,7373730,2016,1
3469096,38483558,2016,2
2083569,38483558,2016,2
20431029,38483558,2016,2
38483558,7373730,2016,2
3469096,41187061,2016,1
38483558,41187061,2016,1
2083569,41187061,2016,1
20431029,41187061,2016,1
144237759,41187061,2016,1
2054802592,41187061,2016,1
2118905696,41187061,2016,1
41187061,7373730,2016,1
144237759,38483558,2016,1
2054802592,38483558,2016,1
2118905696,38483558,2016,1
143660847,2085800,2016,1
143660847,7373730,2016,1
143660847,2552141,2016,1
143660847,3323851,2016,1
143660847,152559260,2016,1
143660847,48587138,2016,1
143660847,1745664,2016,1
143660847,1846883,2016,1
143660847,2965424,2016,1
2085800,7373730,2016,1
2085800,2552141,2016,1
2085800,3323851,2016,1
152559260,2085800,2016,1
2085800,48587138,2016,1
1745664,2085800,2016,1
1846883,2085800,2016,1
2085800,2965424,2016,1
2552141,7373730,2016,1
3323851,7373730,2016,1
152559260,7373730,2016,1
48587138,7373730,2016,1
1745664,7373730,2016,1
1846883,7373730,2016,1
2965424,7373730,2016,1
2552141,3323851,2016,1
152559260,2552141,2016,1
2552141,48587138,2016,1
1745664,2552141,2016,1
1846883,2552141,2016,1
2552141,2965424,2016,1
152559260,3323851,2016,1
3323851,48587138,2016,1
1745664,3323851,2016,1
1846883,3323851,2016,1
2965424,3323851,2016,1
152559260,48587138,2016,1
152559260,1745664,2016,1
152559260,1846883,2016,1
152559260,2965424,2016,1
1745664,48587138,2016,1
1846883,48587138,2016,1
2965424,48587138,2016,1
1745664,1846883,2016,1
1745664,2965424,2016,1
1846883,2965424,2016,1
49172955,51092804,2016,1
1931674510,2082867256,2016,1
2082867256,2229958,2016,1
145976229,50723116,2016,1
102570931,50723116,2016,1
1945992,67070880,2016,1
1945992,31084767,2016,1
1945992,3385316,2016,1
1945992,40054579,2016,1
1945992,79385869,2016,1
1745569,1945992,2016,1
1945992,2217782,2016,1
1945992,2110231803,2016,1
1945992,3072620,2016,1
1945992,46705821,2016,1
1945992,35704294,2016,1
1864391,1945992,2016,1
1945992,3450575,2016,1
1945992,2733711,2016,1
3385316,40054579,2016,1
3385316,79385869,2016,1
1745569,3385316,2016,1
2217782,3385316,2016,1
2110231803,3385316,2016,1
3072620,3385316,2016,1
3385316,46705821,2016,1
3385316,35704294,2016,1
1864391,3385316,2016,1
3385316,3450575,2016,1
2733711,3385316,2016,1
40054579,79385869,2016,1
1745569,40054579,2016,1
2217782,40054579,2016,1
2110231803,40054579,2016,1
3072620,40054579,2016,1
40054579,46705821,2016,1
35704294,40054579,2016,1
1864391,40054579,2016,1
3450575,40054579,2016,1
2733711,40054579,2016,1
1745569,79385869,2016,1
2217782,79385869,2016,1
2110231803,79385869,2016,1
3072620,79385869,2016,1
46705821,79385869,2016,1
35704294,79385869,2016,1
1864391,79385869,2016,1
3450575,79385869,2016,1
2733711,79385869,2016,1
1745569,2217782,2016,1
1745569,2110231803,2016,1
1745569,3072620,2016,1
1745569,46705821,2016,1
1745569,35704294,2016,1
1745569,1864391,2016,1
1745569,3450575,2016,1
1745569,2733711,2016,1
2110231803,2217782,2016,1
2217782,3072620,2016,1
2217782,46705821,2016,1
2217782,35704294,2016,1
1864391,2217782,2016,1
2217782,3450575,2016,1
2217782,2733711,2016,1
2110231803,3072620,2016,1
2110231803,46705821,2016,1
2110231803,35704294,2016,1
1864391,2110231803,2016,1
2110231803,3450575,2016,1
2110231803,2733711,2016,1
3072620,46705821,2016,1
3072620,35704294,2016,1
1864391,3072620,2016,1
3072620,3450575,2016,1
2733711,3072620,2016,1
35704294,46705821,2016,1
1864391,46705821,2016,1
3450575,46705821,2016,1
2733711,46705821,2016,1
1864391,35704294,2016,1
3450575,35704294,2016,1
2733711,35704294,2016,1
1864391,3450575,2016,1
1864391,2733711,2016,1
2733711,3450575,2016,1
