2157780530,6585130,2021,1
2107555095,2157780530,2021,1
2004305595,2157780530,2021,1
104448369,2157780530,2021,1
2157780530,27397386,2021,1
2071904670,2157780530,2021,1
2144102087,2157780530,2021,1
144818427,2157780530,2021,1
2107276045,2157780530,2021,1
1409432424,2157780530,2021,1
1582020013,2157780530,2021,1
145769773,2157780530,2021,1
2107460949,2157780530,2021,1
2107555095,6585130,2021,1
2004305595,6585130,2021,1
104448369,6585130,2021,1
27397386,6585130,2021,2
2071904670,6585130,2021,1
2144102087,6585130,2021,1
144818427,6585130,2021,2
2107276045,6585130,2021,1
1409432424,6585130,2021,2
1582020013,6585130,2021,1
145769773,6585130,2021,1
2107460949,6585130,2021,1
2004305595,2107555095,2021,1
104448369,2107555095,2021,1
2107555095,27397386,2021,1
2071904670,2107555095,2021,1
2107555095,2144102087,2021,1
144818427,2107555095,2021,1
2107276045,2107555095,2021,1
1409432424,2107555095,2021,1
1582020013,2107555095,2021,1
145769773,2107555095,2021,1
2107460949,2107555095,2021,1
104448369,2004305595,2021,1
2004305595,27397386,2021,1
2004305595,2071904670,2021,1
2004305595,2144102087,2021,1
144818427,2004305595,2021,1
2004305595,2107276045,2021,1
1409432424,2004305595,2021,1
1582020013,2004305595,2021,1
145769773,2004305595,2021,1
2004305595,2107460949,2021,1
104448369,27397386,2021,1
104448369,2071904670,2021,1
104448369,2144102087,2021,1
104448369,144818427,2021,1
104448369,2107276045,2021,1
104448369,1409432424,2021,1
104448369,1582020013,2021,1
104448369,145769773,2021,1
104448369,2107460949,2021,1
2071904670,27397386,2021,1
2144102087,27397386,2021,1
144818427,27397386,2021,2
2107276045,27397386,2021,1
1409432424,27397386,2021,2
1582020013,27397386,2021,1
145769773,27397386,2021,1
2107460949,27397386,2021,1
2071904670,2144102087,2021,1
144818427,2071904670,2021,1
2071904670,2107276045,2021,1
1409432424,2071904670,2021,1
1582020013,2071904670,2021,1
145769773,2071904670,2021,1
2071904670,2107460949,2021,1
144818427,2144102087,2021,1
2107276045,2144102087,2021,1
1409432424,2144102087,2021,1
1582020013,2144102087,2021,1
145769773,2144102087,2021,1
2107460949,2144102087,2021,1
144818427,2107276045,2021,1
1409432424,144818427,2021,2
144818427,1582020013,2021,1
144818427,145769773,2021,1
144818427,2107460949,2021,1
1409432424,2107276045,2021,1
1582020013,2107276045,2021,1
145769773,2107276045,2021,1
2107276045,2107460949,2021,1
1409432424,1582020013,2021,1
1409432424,145769773,2021,1
1409432424,2107460949,2021,1
145769773,1582020013,2021,1
1582020013,2107460949,2021,1
145769773,2107460949,2021,1
39527712,5287907,2021,1
1409432424,5287907,2021,1
1409432424,39527712,2021,1
2005940061,46666242,2021,1
144818427,46666242,2021,1
1409432424,46666242,2021,1
2200075865,46666242,2021,1
2066230616,46666242,2021,1
27397386,46666242,2021,1
46666242,6585130,2021,1
144818427,2005940061,2021,1
1409432424,2005940061,2021,1
2005940061,2200075865,2021,1
2005940061,2066230616,2021,1
2005940061,27397386,2021,1
2005940061,6585130,2021,1
144818427,2200075865,2021,1
144818427,2066230616,2021,1
1409432424,2200075865,2021,1
1409432424,2066230616,2021,1
2066230616,2200075865,2021,1
2200075865,27397386,2021,1
2200075865,6585130,2021,1
2066230616,27397386,2021,1
2066230616,6585130,2021,1
14928676,2057059239,2021,1
145209354,2057059239,2021,1
1409432424,2057059239,2021,1
2057059239,2072470670,2021,1
145209354,14928676,2021,1
1409432424,14928676,2021,1
14928676,2072470670,2021,1
1409432424,145209354,2021,1
145209354,2072470670,2021,1
1409432424,2072470670,2021,1
1387936229,39777698,2021,1
2232853,39777698,2021,1
1387936229,2232853,2021,1
1417997652,1920647,2021,1
1404327582,1920647,2021,1
1920647,6302239,2021,1
1920647,2064394274,2021,1
1920647,40173719,2021,1
1920647,2232853,2021,1
1920647,2435463,2021,1
1920647,2919031,2021,1
1920647,3657451,2021,1
1920647,50627026,2021,1
1920647,3393231,2021,1
1404327582,1417997652,2021,1
1417997652,6302239,2021,1
1417997652,2064394274,2021,1
1417997652,40173719,2021,1
1417997652,2232853,2021,1
1417997652,2435463,2021,1
1417997652,2919031,2021,1
1417997652,3657451,2021,1
1417997652,50627026,2021,1
1417997652,3393231,2021,1
1404327582,6302239,2021,1
1404327582,2064394274,2021,1
1404327582,40173719,2021,1
1404327582,2232853,2021,1
1404327582,2435463,2021,1
1404327582,2919031,2021,1
1404327582,3657451,2021,1
1404327582,50627026,2021,1
1404327582,3393231,2021,1
2064394274,6302239,2021,1
40173719,6302239,2021,1
2232853,6302239,2021,1
2435463,6302239,2021,1
2919031,6302239,2021,1
3657451,6302239,2021,1
50627026,6302239,2021,1
3393231,6302239,2021,1
2064394274,40173719,2021,1
2064394274,2232853,2021,1
2064394274,2435463,2021,1
2064394274,2919031,2021,1
2064394274,3657451,2021,1
2064394274,50627026,2021,1
2064394274,3393231,2021,1
2232853,40173719,2021,1
2435463,40173719,2021,1
2919031,40173719,2021,1
3657451,40173719,2021,1
40173719,50627026,2021,1
3393231,40173719,2021,1
2232853,2435463,2021,1
2232853,2919031,2021,1
2232853,3657451,2021,1
2232853,50627026,2021,1
2232853,3393231,2021,1
2435463,2919031,2021,1
2435463,3657451,2021,1
2435463,50627026,2021,1
2435463,3393231,2021,1
2919031,3657451,2021,1
2919031,50627026,2021,1
2919031,3393231,2021,1
3657451,50627026,2021,1
3393231,3657451,2021,1
3393231,50627026,2021,1
1413053668,2058592124,2021,5
1413053668,1612340138,2021,5
1413053668,2232853,2021,5
1413053668,2229958,2021,5
1387936232,1413053668,2021,3
1612340138,2058592124,2021,5
2058592124,2232853,2021,5
2058592124,2229958,2021,5
1387936232,2058592124,2021,3
1612340138,2232853,2021,5
1612340138,2229958,2021,6
1387936232,1612340138,2021,4
2229958,2232853,2021,5
1387936232,2232853,2021,3
1387936232,2229958,2021,5
2023694909,2232853,2021,3
1413053668,2023694909,2021,2
2023694909,2058592124,2021,2
1612340138,2023694909,2021,3
2023694909,2229958,2021,4
2023694909,34207642,2021,1
2023694909,4314098,2021,1
12707188,2023694909,2021,1
2023694909,39954198,2021,1
1995453110,2023694909,2021,1
2023694909,2140578386,2021,1
2023694909,5709767,2021,1
2023694909,2295961,2021,1
2023694909,2504446,2021,1
2232853,34207642,2021,1
2232853,4314098,2021,1
12707188,2232853,2021,1
2232853,39954198,2021,1
1995453110,2232853,2021,1
2140578386,2232853,2021,1
2232853,5709767,2021,1
2232853,2295961,2021,1
2232853,2504446,2021,1
34207642,4314098,2021,3
12707188,34207642,2021,2
34207642,39954198,2021,2
1995453110,34207642,2021,1
2140578386,34207642,2021,1
34207642,5709767,2021,1
2295961,34207642,2021,1
2504446,34207642,2021,3
12707188,4314098,2021,2
39954198,4314098,2021,2
1995453110,4314098,2021,1
2140578386,4314098,2021,1
4314098,5709767,2021,1
2295961,4314098,2021,1
2504446,4314098,2021,3
12707188,39954198,2021,2
12707188,1995453110,2021,1
12707188,2140578386,2021,1
12707188,5709767,2021,1
12707188,2295961,2021,1
12707188,2504446,2021,2
1995453110,39954198,2021,1
2140578386,39954198,2021,1
39954198,5709767,2021,1
2295961,39954198,2021,1
2504446,39954198,2021,2
1995453110,2140578386,2021,1
1995453110,5709767,2021,1
1995453110,2295961,2021,1
1995453110,2504446,2021,1
2140578386,5709767,2021,1
2140578386,2295961,2021,1
2140578386,2504446,2021,1
2295961,5709767,2021,1
2504446,5709767,2021,1
2295961,2504446,2021,2
2277354,32281113,2021,5
1768830382,32281113,2021,6
2797207,32281113,2021,5
32281113,81830454,2021,4
115277605,32281113,2021,5
2943065,32281113,2021,7
1768830382,2277354,2021,4
2277354,2797207,2021,3
2277354,81830454,2021,3
115277605,2277354,2021,3
2277354,2943065,2021,7
1768830382,2797207,2021,5
1768830382,81830454,2021,4
115277605,1768830382,2021,5
1768830382,2943065,2021,6
2797207,81830454,2021,4
115277605,2797207,2021,5
2797207,2943065,2021,6
115277605,81830454,2021,4
2943065,81830454,2021,5
115277605,2943065,2021,5
115277605,2186062,2021,4
2186062,32281113,2021,5
1768830382,2186062,2021,5
2186062,81830454,2021,3
2186062,2943065,2021,9
2186062,2797207,2021,4
1454008130,32281113,2021,2
32281113,5306981,2021,3
2047042958,32281113,2021,1
1454008130,2797207,2021,2
2797207,5306981,2021,2
2047042958,2797207,2021,1
115277605,1454008130,2021,2
115277605,5306981,2021,2
115277605,2047042958,2021,1
1454008130,1768830382,2021,2
1768830382,5306981,2021,3
1768830382,2047042958,2021,1
1454008130,2277354,2021,1
2277354,5306981,2021,3
2047042958,2277354,2021,1
2186062,2277354,2021,4
1454008130,5306981,2021,2
1454008130,2047042958,2021,1
1454008130,81830454,2021,1
1454008130,2186062,2021,2
1454008130,2943065,2021,2
2047042958,5306981,2021,1
5306981,81830454,2021,1
2186062,5306981,2021,5
2943065,5306981,2021,5
2047042958,81830454,2021,1
2047042958,2186062,2021,1
2047042958,2943065,2021,1
1404622804,2277354,2021,1
1796886,2277354,2021,1
2277354,4420135,2021,1
1404622804,32281113,2021,1
1796886,32281113,2021,1
32281113,4420135,2021,1
1404622804,1768830382,2021,1
1768830382,1796886,2021,1
1768830382,4420135,2021,1
1404622804,5306981,2021,1
1404622804,1796886,2021,1
1404622804,4420135,2021,1
1404622804,2943065,2021,2
1404622804,2186062,2021,1
1796886,5306981,2021,1
4420135,5306981,2021,1
1796886,4420135,2021,1
1796886,2943065,2021,1
1796886,2186062,2021,1
2943065,4420135,2021,3
2186062,4420135,2021,1
1454008130,35657564,2021,1
1454008130,2086746823,2021,1
143674561,1454008130,2021,1
2797207,35657564,2021,1
2086746823,2797207,2021,1
143674561,2797207,2021,1
115277605,35657564,2021,1
35657564,5306981,2021,1
32281113,35657564,2021,1
1768830382,35657564,2021,1
2086746823,35657564,2021,1
143674561,35657564,2021,1
2186062,35657564,2021,1
2943065,35657564,2021,1
115277605,2086746823,2021,1
115277605,143674561,2021,1
2086746823,5306981,2021,1
143674561,5306981,2021,1
2086746823,32281113,2021,1
143674561,32281113,2021,1
1768830382,2086746823,2021,1
143674561,1768830382,2021,1
143674561,2086746823,2021,1
2086746823,2186062,2021,1
2086746823,2943065,2021,1
143674561,2186062,2021,1
143674561,2943065,2021,4
2117517260,4505337,2021,1
2117517257,2117517260,2021,1
2064277150,2117517260,2021,1
1729473087,2117517260,2021,1
2117517260,2943065,2021,1
145642297,2117517260,2021,1
2117517260,6922538,2021,1
11479911,2117517260,2021,1
2117517260,7353429,2021,1
2117517260,38969913,2021,1
2117517260,46482081,2021,1
2117517260,2852428,2021,1
2117517260,2186062,2021,1
2117517257,4505337,2021,1
2064277150,4505337,2021,1
1729473087,4505337,2021,1
2943065,4505337,2021,1
145642297,4505337,2021,1
4505337,6922538,2021,1
11479911,4505337,2021,1
4505337,7353429,2021,1
38969913,4505337,2021,1
4505337,46482081,2021,1
2852428,4505337,2021,1
2186062,4505337,2021,1
2064277150,2117517257,2021,1
1729473087,2117517257,2021,1
2117517257,2943065,2021,1
145642297,2117517257,2021,1
2117517257,6922538,2021,1
11479911,2117517257,2021,1
2117517257,7353429,2021,1
2117517257,38969913,2021,1
2117517257,46482081,2021,1
2117517257,2852428,2021,1
2117517257,2186062,2021,1
1729473087,2064277150,2021,1
2064277150,2943065,2021,1
145642297,2064277150,2021,1
2064277150,6922538,2021,1
11479911,2064277150,2021,1
2064277150,7353429,2021,1
2064277150,38969913,2021,1
2064277150,46482081,2021,1
2064277150,2852428,2021,1
2064277150,2186062,2021,1
1729473087,2943065,2021,2
145642297,1729473087,2021,2
1729473087,6922538,2021,1
11479911,1729473087,2021,2
1729473087,7353429,2021,1
1729473087,38969913,2021,1
1729473087,46482081,2021,2
1729473087,2852428,2021,2
1729473087,2186062,2021,2
145642297,2943065,2021,2
2943065,6922538,2021,1
11479911,2943065,2021,2
2943065,7353429,2021,1
2943065,38969913,2021,1
2943065,46482081,2021,2
2852428,2943065,2021,2
145642297,6922538,2021,1
11479911,145642297,2021,2
145642297,7353429,2021,1
145642297,38969913,2021,1
145642297,46482081,2021,2
145642297,2852428,2021,2
145642297,2186062,2021,2
11479911,6922538,2021,1
6922538,7353429,2021,1
38969913,6922538,2021,1
46482081,6922538,2021,1
2852428,6922538,2021,1
2186062,6922538,2021,1
11479911,7353429,2021,1
11479911,38969913,2021,1
11479911,46482081,2021,2
11479911,2852428,2021,2
11479911,2186062,2021,2
38969913,7353429,2021,1
46482081,7353429,2021,1
2852428,7353429,2021,1
2186062,7353429,2021,1
38969913,46482081,2021,1
2852428,38969913,2021,1
2186062,38969913,2021,1
2852428,46482081,2021,2
2186062,46482081,2021,2
2186062,2852428,2021,2
2037743388,2037985577,2021,1
2037743388,2109030501,2021,1
1725409676,2037743388,2021,1
2037743388,50379398,2021,1
2037743388,48521627,2021,1
143905189,2037743388,2021,1
2037743388,2077480089,2021,1
1721831,2037743388,2021,1
2037743388,2074649482,2021,1
2037743388,2943065,2021,1
2037743388,38862163,2021,1
2037743388,2358653,2021,1
144886405,2037743388,2021,1
2032577179,2037743388,2021,1
2037743388,4345585,2021,1
2037985577,2109030501,2021,1
1725409676,2037985577,2021,1
2037985577,50379398,2021,1
2037985577,48521627,2021,1
143905189,2037985577,2021,1
2037985577,2077480089,2021,1
1721831,2037985577,2021,1
2037985577,2074649482,2021,1
2037985577,2943065,2021,1
2037985577,38862163,2021,1
2037985577,2358653,2021,1
144886405,2037985577,2021,1
2032577179,2037985577,2021,1
2037985577,4345585,2021,1
1725409676,2109030501,2021,1
2109030501,50379398,2021,1
2109030501,48521627,2021,1
143905189,2109030501,2021,1
2077480089,2109030501,2021,1
1721831,2109030501,2021,1
2074649482,2109030501,2021,1
2109030501,2943065,2021,1
2109030501,38862163,2021,1
2109030501,2358653,2021,1
144886405,2109030501,2021,1
2032577179,2109030501,2021,1
2109030501,4345585,2021,1
1725409676,50379398,2021,1
1725409676,48521627,2021,1
143905189,1725409676,2021,1
1725409676,2077480089,2021,1
1721831,1725409676,2021,1
1725409676,2074649482,2021,1
1725409676,2943065,2021,1
1725409676,38862163,2021,1
1725409676,2358653,2021,1
144886405,1725409676,2021,1
1725409676,2032577179,2021,1
1725409676,4345585,2021,1
48521627,50379398,2021,1
143905189,50379398,2021,1
2077480089,50379398,2021,1
1721831,50379398,2021,1
2074649482,50379398,2021,1
2943065,50379398,2021,1
38862163,50379398,2021,1
2358653,50379398,2021,1
144886405,50379398,2021,1
2032577179,50379398,2021,1
4345585,50379398,2021,1
143905189,48521627,2021,1
2077480089,48521627,2021,1
1721831,48521627,2021,1
2074649482,48521627,2021,1
2943065,48521627,2021,1
38862163,48521627,2021,1
2358653,48521627,2021,1
144886405,48521627,2021,1
2032577179,48521627,2021,1
4345585,48521627,2021,1
143905189,2077480089,2021,1
143905189,1721831,2021,1
143905189,2074649482,2021,1
143905189,2943065,2021,1
143905189,38862163,2021,1
143905189,2358653,2021,1
143905189,144886405,2021,1
143905189,2032577179,2021,1
143905189,4345585,2021,1
1721831,2077480089,2021,1
2074649482,2077480089,2021,1
2077480089,2943065,2021,1
2077480089,38862163,2021,1
2077480089,2358653,2021,1
144886405,2077480089,2021,1
2032577179,2077480089,2021,1
2077480089,4345585,2021,1
1721831,2074649482,2021,1
1721831,2943065,2021,1
1721831,38862163,2021,1
1721831,2358653,2021,1
144886405,1721831,2021,1
1721831,2032577179,2021,1
1721831,4345585,2021,1
2074649482,2943065,2021,1
2074649482,38862163,2021,1
2074649482,2358653,2021,1
144886405,2074649482,2021,1
2032577179,2074649482,2021,1
2074649482,4345585,2021,1
2943065,38862163,2021,1
2358653,2943065,2021,1
144886405,2943065,2021,1
2032577179,2943065,2021,1
2943065,4345585,2021,1
2358653,38862163,2021,1
144886405,38862163,2021,1
2032577179,38862163,2021,1
38862163,4345585,2021,1
144886405,2358653,2021,1
2032577179,2358653,2021,1
2358653,4345585,2021,1
144886405,2032577179,2021,1
144886405,4345585,2021,1
2032577179,4345585,2021,1
27580616,35280497,2021,1
2943065,35280497,2021,1
35280497,6753553,2021,1
35280497,6321847,2021,1
2134262,35280497,2021,1
152716957,35280497,2021,1
34920624,35280497,2021,1
27580616,2943065,2021,1
27580616,6753553,2021,1
27580616,6321847,2021,1
2134262,27580616,2021,1
152716957,27580616,2021,1
27580616,34920624,2021,1
2943065,6753553,2021,1
2943065,6321847,2021,1
2134262,2943065,2021,1
152716957,2943065,2021,1
2943065,34920624,2021,1
6321847,6753553,2021,1
2134262,6753553,2021,1
152716957,6753553,2021,1
34920624,6753553,2021,1
2134262,6321847,2021,1
152716957,6321847,2021,1
34920624,6321847,2021,1
152716957,2134262,2021,1
2134262,34920624,2021,1
152716957,34920624,2021,1
32281113,3679386,2021,1
115277605,3679386,2021,1
2797207,3679386,2021,1
2277354,3679386,2021,1
1768830382,3679386,2021,1
3679386,81830454,2021,1
2186062,3679386,2021,1
2943065,3679386,2021,1
46665430,8640622,2021,2
46665430,49707911,2021,2
1400952802,46665430,2021,2
2770002,46665430,2021,2
46665430,4786216,2021,2
2943065,46665430,2021,2
4420135,46665430,2021,2
145046057,46665430,2021,2
49707911,8640622,2021,6
1400952802,8640622,2021,6
2770002,8640622,2021,2
4786216,8640622,2021,2
2943065,8640622,2021,2
4420135,8640622,2021,2
145046057,8640622,2021,6
1400952802,49707911,2021,6
2770002,49707911,2021,2
4786216,49707911,2021,2
2943065,49707911,2021,2
4420135,49707911,2021,2
145046057,49707911,2021,6
1400952802,2770002,2021,2
1400952802,4786216,2021,2
1400952802,2943065,2021,2
1400952802,4420135,2021,2
1400952802,145046057,2021,6
2770002,4786216,2021,2
2770002,2943065,2021,2
2770002,4420135,2021,2
145046057,2770002,2021,2
2943065,4786216,2021,2
4420135,4786216,2021,2
145046057,4786216,2021,2
145046057,2943065,2021,2
145046057,4420135,2021,2
1404622804,144887941,2021,1
144887941,5257377,2021,3
144887941,2106096690,2021,1
143674561,144887941,2021,2
144887941,2943065,2021,3
1404622804,5257377,2021,1
1404622804,2106096690,2021,1
1404622804,143674561,2021,1
2106096690,5257377,2021,1
143674561,5257377,2021,2
2943065,5257377,2021,3
143674561,2106096690,2021,1
2106096690,2943065,2021,1
1484836547,3542128,2021,1
1484836547,5306981,2021,2
1484836547,2943065,2021,2
1484836547,2277354,2021,1
1484836547,6844718,2021,1
1484836547,2186062,2021,2
3542128,5306981,2021,1
2943065,3542128,2021,1
2277354,3542128,2021,1
3542128,6844718,2021,1
2186062,3542128,2021,1
5306981,6844718,2021,1
2943065,6844718,2021,1
2277354,6844718,2021,1
2186062,6844718,2021,1
143674561,22318187,2021,1
22318187,4036879,2021,1
1792033,22318187,2021,1
22318187,4445817,2021,1
2069094,22318187,2021,1
22318187,9913518,2021,1
22318187,2683022,2021,1
2086297,22318187,2021,1
22318187,2943065,2021,1
2202321,22318187,2021,1
144113269,22318187,2021,1
1398434030,22318187,2021,1
22318187,5038543,2021,1
22318187,2306613,2021,1
145363225,22318187,2021,1
143720385,22318187,2021,1
22318187,3110755,2021,1
22318187,4449210,2021,1
143674561,4036879,2021,1
143674561,1792033,2021,1
143674561,4445817,2021,1
143674561,2069094,2021,1
143674561,9913518,2021,1
143674561,2683022,2021,2
143674561,2086297,2021,1
143674561,2202321,2021,1
143674561,144113269,2021,1
1398434030,143674561,2021,1
143674561,5038543,2021,1
143674561,2306613,2021,1
143674561,145363225,2021,1
143674561,143720385,2021,1
143674561,3110755,2021,1
143674561,4449210,2021,1
1792033,4036879,2021,1
4036879,4445817,2021,1
2069094,4036879,2021,1
4036879,9913518,2021,1
2683022,4036879,2021,1
2086297,4036879,2021,1
2943065,4036879,2021,1
2202321,4036879,2021,1
144113269,4036879,2021,1
1398434030,4036879,2021,1
4036879,5038543,2021,1
2306613,4036879,2021,1
145363225,4036879,2021,1
143720385,4036879,2021,1
3110755,4036879,2021,1
4036879,4449210,2021,1
1792033,4445817,2021,1
1792033,2069094,2021,1
1792033,9913518,2021,1
1792033,2683022,2021,1
1792033,2086297,2021,1
1792033,2943065,2021,1
1792033,2202321,2021,1
144113269,1792033,2021,1
1398434030,1792033,2021,1
1792033,5038543,2021,1
1792033,2306613,2021,1
145363225,1792033,2021,1
143720385,1792033,2021,1
1792033,3110755,2021,1
1792033,4449210,2021,1
2069094,4445817,2021,1
4445817,9913518,2021,1
2683022,4445817,2021,1
2086297,4445817,2021,1
2943065,4445817,2021,1
2202321,4445817,2021,1
144113269,4445817,2021,1
1398434030,4445817,2021,1
4445817,5038543,2021,1
2306613,4445817,2021,1
145363225,4445817,2021,1
143720385,4445817,2021,1
3110755,4445817,2021,1
4445817,4449210,2021,1
2069094,9913518,2021,1
2069094,2683022,2021,1
2069094,2086297,2021,1
2069094,2943065,2021,1
2069094,2202321,2021,1
144113269,2069094,2021,1
1398434030,2069094,2021,1
2069094,5038543,2021,1
2069094,2306613,2021,1
145363225,2069094,2021,1
143720385,2069094,2021,1
2069094,3110755,2021,1
2069094,4449210,2021,1
2683022,9913518,2021,1
2086297,9913518,2021,1
2943065,9913518,2021,1
2202321,9913518,2021,1
144113269,9913518,2021,1
1398434030,9913518,2021,1
5038543,9913518,2021,1
2306613,9913518,2021,1
145363225,9913518,2021,1
143720385,9913518,2021,1
3110755,9913518,2021,1
4449210,9913518,2021,1
2086297,2683022,2021,1
2683022,2943065,2021,3
2202321,2683022,2021,1
144113269,2683022,2021,1
1398434030,2683022,2021,1
2683022,5038543,2021,1
2306613,2683022,2021,1
145363225,2683022,2021,1
143720385,2683022,2021,1
2683022,3110755,2021,1
2683022,4449210,2021,1
2086297,2943065,2021,1
2086297,2202321,2021,1
144113269,2086297,2021,1
1398434030,2086297,2021,1
2086297,5038543,2021,1
2086297,2306613,2021,1
145363225,2086297,2021,1
143720385,2086297,2021,1
2086297,3110755,2021,1
2086297,4449210,2021,1
2202321,2943065,2021,1
144113269,2943065,2021,1
1398434030,2943065,2021,1
2943065,5038543,2021,1
2306613,2943065,2021,1
145363225,2943065,2021,1
143720385,2943065,2021,1
2943065,3110755,2021,1
2943065,4449210,2021,1
144113269,2202321,2021,1
1398434030,2202321,2021,1
2202321,5038543,2021,1
2202321,2306613,2021,1
145363225,2202321,2021,1
143720385,2202321,2021,1
2202321,3110755,2021,1
2202321,4449210,2021,1
1398434030,144113269,2021,1
144113269,5038543,2021,1
144113269,2306613,2021,1
144113269,145363225,2021,1
143720385,144113269,2021,1
144113269,3110755,2021,1
144113269,4449210,2021,1
1398434030,5038543,2021,1
1398434030,2306613,2021,1
1398434030,145363225,2021,1
1398434030,143720385,2021,1
1398434030,3110755,2021,1
1398434030,4449210,2021,1
2306613,5038543,2021,1
145363225,5038543,2021,1
143720385,5038543,2021,1
3110755,5038543,2021,1
4449210,5038543,2021,1
145363225,2306613,2021,1
143720385,2306613,2021,1
2306613,3110755,2021,1
2306613,4449210,2021,1
143720385,145363225,2021,1
145363225,3110755,2021,1
145363225,4449210,2021,1
143720385,3110755,2021,1
143720385,4449210,2021,1
3110755,4449210,2021,1
2119115445,2277354,2021,1
2119115445,5257377,2021,1
144887941,2119115445,2021,1
2119115445,2683022,2021,1
143674561,2119115445,2021,1
2119115445,2943065,2021,1
2277354,5257377,2021,1
144887941,2277354,2021,1
2277354,2683022,2021,1
143674561,2277354,2021,1
2683022,5257377,2021,2
144887941,2683022,2021,2
145056501,5257377,2021,1
2129510295,5257377,2021,1
5257377,81830454,2021,1
2099700361,5257377,2021,1
2129516817,5257377,2021,1
145056501,2129510295,2021,1
144887941,145056501,2021,1
145056501,81830454,2021,1
145056501,2683022,2021,1
145056501,2099700361,2021,1
145056501,2943065,2021,1
145056501,2129516817,2021,1
144887941,2129510295,2021,1
2129510295,81830454,2021,1
2129510295,2683022,2021,1
2099700361,2129510295,2021,1
2129510295,2943065,2021,1
2129510295,2129516817,2021,1
144887941,81830454,2021,1
144887941,2099700361,2021,1
144887941,2129516817,2021,1
2683022,81830454,2021,1
2099700361,81830454,2021,1
2129516817,81830454,2021,1
2099700361,2683022,2021,1
2129516817,2683022,2021,1
2099700361,2943065,2021,1
2099700361,2129516817,2021,1
2129516817,2943065,2021,1
1484836547,2050988621,2021,1
1484836547,2106099515,2021,1
2050988621,5306981,2021,1
2050988621,2106099515,2021,1
2050988621,2943065,2021,1
2050988621,2186062,2021,1
2106099515,5306981,2021,1
2106099515,2943065,2021,1
2106099515,2186062,2021,1
116552490,2121442179,2021,1
11479911,2121442179,2021,1
2121442162,2121442179,2021,1
2121432934,2121442179,2021,1
2121442179,2538985,2021,1
1413045358,2121442179,2021,1
2121442179,2186062,2021,1
2121442179,2943065,2021,1
1729473087,2121442179,2021,1
2121442179,2852428,2021,1
2121442179,46482081,2021,1
145642297,2121442179,2021,1
11479911,116552490,2021,1
116552490,2121442162,2021,1
116552490,2121432934,2021,1
116552490,2538985,2021,1
116552490,1413045358,2021,1
116552490,2186062,2021,1
116552490,2943065,2021,1
116552490,1729473087,2021,1
116552490,2852428,2021,1
116552490,46482081,2021,1
116552490,145642297,2021,1
11479911,2121442162,2021,1
11479911,2121432934,2021,1
11479911,2538985,2021,1
11479911,1413045358,2021,1
2121432934,2121442162,2021,1
2121442162,2538985,2021,1
1413045358,2121442162,2021,1
2121442162,2186062,2021,1
2121442162,2943065,2021,1
1729473087,2121442162,2021,1
2121442162,2852428,2021,1
2121442162,46482081,2021,1
145642297,2121442162,2021,1
2121432934,2538985,2021,1
1413045358,2121432934,2021,1
2121432934,2186062,2021,1
2121432934,2943065,2021,1
1729473087,2121432934,2021,1
2121432934,2852428,2021,1
2121432934,46482081,2021,1
145642297,2121432934,2021,1
1413045358,2538985,2021,1
2186062,2538985,2021,1
2538985,2943065,2021,1
1729473087,2538985,2021,1
2538985,2852428,2021,1
2538985,46482081,2021,1
145642297,2538985,2021,1
1413045358,2186062,2021,1
1413045358,2943065,2021,1
1413045358,1729473087,2021,1
1413045358,2852428,2021,1
1413045358,46482081,2021,1
1413045358,145642297,2021,1
2119089613,2797207,2021,1
2119089613,2943065,2021,1
145046057,2093106291,2021,3
145046057,2660575,2021,3
145046057,2310860,2021,3
145046057,4486723,2021,3
2093106291,49707911,2021,3
2660575,49707911,2021,3
2310860,49707911,2021,3
4486723,49707911,2021,3
2093106291,8640622,2021,3
2660575,8640622,2021,3
2310860,8640622,2021,3
4486723,8640622,2021,3
1400952802,2093106291,2021,3
1400952802,2660575,2021,3
1400952802,2310860,2021,3
1400952802,4486723,2021,3
2093106291,2660575,2021,3
2093106291,2310860,2021,3
2093106291,4486723,2021,3
2310860,2660575,2021,37
2660575,4486723,2021,3
2310860,4486723,2021,3
147115675,2065992515,2021,2
147115675,1733462,2021,2
147115675,5823186,2021,2
147115675,2310860,2021,15
147115675,2660575,2021,15
1733462,2065992515,2021,2
2065992515,5823186,2021,2
2065992515,2310860,2021,2
2065992515,2660575,2021,2
1733462,5823186,2021,2
1733462,2310860,2021,2
1733462,2660575,2021,2
2310860,5823186,2021,2
2660575,5823186,2021,2
1454235039,30291444,2021,2
1454235039,148176877,2021,2
1454235039,1931674510,2021,2
1454235039,1632344824,2021,2
1454235039,2660575,2021,4
1454235039,2310860,2021,4
148176877,30291444,2021,8
1931674510,30291444,2021,2
1632344824,30291444,2021,2
2660575,30291444,2021,17
2310860,30291444,2021,17
148176877,1931674510,2021,2
148176877,1632344824,2021,2
148176877,2660575,2021,8
148176877,2310860,2021,8
1632344824,1931674510,2021,2
1931674510,2660575,2021,2
1931674510,2310860,2021,4
1632344824,2660575,2021,2
1632344824,2310860,2021,2
20540488,2952415,2021,2
19396021,20540488,2021,2
20540488,2229958,2021,2
20540488,2183667666,2021,2
20540488,2183669296,2021,2
20540488,2660575,2021,2
19396021,2952415,2021,2
2229958,2952415,2021,2
2183667666,2952415,2021,2
2183669296,2952415,2021,2
2660575,2952415,2021,2
19396021,2229958,2021,2
19396021,2183667666,2021,2
19396021,2183669296,2021,2
19396021,2660575,2021,2
2183667666,2229958,2021,2
2183669296,2229958,2021,2
2229958,2660575,2021,5
2183667666,2183669296,2021,2
2183667666,2660575,2021,2
2183669296,2660575,2021,2
148176877,1576739598,2021,2
1576739598,30291444,2021,2
1576739598,2116149176,2021,2
147115675,1576739598,2021,2
153554698,1576739598,2021,2
1576739598,2660575,2021,2
1576739598,2310860,2021,2
148176877,2116149176,2021,6
147115675,148176877,2021,6
148176877,153554698,2021,2
2116149176,30291444,2021,9
147115675,30291444,2021,11
153554698,30291444,2021,2
147115675,2116149176,2021,11
153554698,2116149176,2021,2
2116149176,2660575,2021,15
2116149176,2310860,2021,15
147115675,153554698,2021,2
153554698,2660575,2021,2
153554698,2310860,2021,2
1485310967,17845906,2021,2
147115675,1485310967,2021,2
1485310967,2116149176,2021,2
1485310967,2310860,2021,2
1485310967,2660575,2021,2
147115675,17845906,2021,6
17845906,2116149176,2021,6
17845906,2310860,2021,6
17845906,2660575,2021,6
2116149176,8222277,2021,4
2116149176,2149515768,2021,2
2116149176,4519353,2021,4
2115217315,2116149176,2021,4
2108718627,2116149176,2021,4
2109462738,2116149176,2021,4
2310860,8222277,2021,4
2660575,8222277,2021,4
2149515768,8222277,2021,2
4519353,8222277,2021,4
2115217315,8222277,2021,4
2108718627,8222277,2021,4
2109462738,8222277,2021,4
2149515768,2310860,2021,2
2310860,4519353,2021,4
2115217315,2310860,2021,4
2108718627,2310860,2021,4
2109462738,2310860,2021,4
2149515768,2660575,2021,2
2660575,4519353,2021,4
2115217315,2660575,2021,4
2108718627,2660575,2021,4
2109462738,2660575,2021,4
2149515768,4519353,2021,2
2115217315,2149515768,2021,2
2108718627,2149515768,2021,2
2109462738,2149515768,2021,2
2115217315,4519353,2021,4
2108718627,4519353,2021,4
2109462738,4519353,2021,4
2108718627,2115217315,2021,4
2109462738,2115217315,2021,4
2108718627,2109462738,2021,4
2153684907,34663117,2021,2
2153684907,3266373,2021,2
2054055536,2153684907,2021,2
2113954636,2153684907,2021,2
1454235039,2153684907,2021,2
2153684907,2660575,2021,2
2153684907,2310860,2021,2
2119292699,2153684907,2021,2
3266373,34663117,2021,2
2054055536,34663117,2021,2
2113954636,34663117,2021,2
1454235039,34663117,2021,2
2660575,34663117,2021,2
2310860,34663117,2021,2
2119292699,34663117,2021,2
2054055536,3266373,2021,2
2113954636,3266373,2021,2
1454235039,3266373,2021,2
2660575,3266373,2021,2
2310860,3266373,2021,2
2119292699,3266373,2021,2
2054055536,2113954636,2021,2
1454235039,2054055536,2021,2
2054055536,2660575,2021,2
2054055536,2310860,2021,2
2054055536,2119292699,2021,2
1454235039,2113954636,2021,2
2113954636,2660575,2021,11
2113954636,2310860,2021,11
2113954636,2119292699,2021,2
1454235039,2119292699,2021,2
2119292699,2660575,2021,2
2119292699,2310860,2021,2
2044719887,2166783729,2021,1
2044719887,2660575,2021,1
2166783729,2660575,2021,1
145334595,2115727209,2021,3
2113954636,2115727209,2021,3
2115727209,2116149176,2021,3
147115675,2115727209,2021,3
2115727209,30291444,2021,3
2097232,2115727209,2021,3
2115727209,50723116,2021,3
2115727209,2660575,2021,3
2115727209,2310860,2021,3
145334595,2113954636,2021,3
145334595,2116149176,2021,3
145334595,147115675,2021,3
145334595,30291444,2021,3
145334595,2097232,2021,3
145334595,50723116,2021,3
145334595,2660575,2021,5
145334595,2310860,2021,5
2113954636,2116149176,2021,3
147115675,2113954636,2021,5
2113954636,30291444,2021,9
2097232,2113954636,2021,3
2113954636,50723116,2021,3
2097232,2116149176,2021,3
2116149176,50723116,2021,3
147115675,2097232,2021,3
147115675,50723116,2021,3
2097232,30291444,2021,3
30291444,50723116,2021,3
2097232,50723116,2021,3
2097232,2660575,2021,3
2097232,2310860,2021,3
2660575,50723116,2021,3
2310860,50723116,2021,3
2116149176,2149515512,2021,2
2149515512,8222277,2021,2
2149515512,2310860,2021,2
2149515512,2660575,2021,2
2149515512,4519353,2021,2
2115217315,2149515512,2021,2
2108718627,2149515512,2021,2
2109462738,2149515512,2021,2
2229958,2459453,2021,3
2310860,2459453,2021,3
2459453,2660575,2021,3
2229958,2310860,2021,5
2660575,51243417,2021,6
2660575,92043057,2021,2
2132473921,2660575,2021,2
145274633,2660575,2021,2
2293193,2660575,2021,4
2113954636,51243417,2021,6
2113954636,92043057,2021,2
2113954636,2132473921,2021,2
145274633,2113954636,2021,2
2113954636,2293193,2021,2
51243417,92043057,2021,2
2132473921,51243417,2021,2
145274633,51243417,2021,2
147115675,51243417,2021,2
30291444,51243417,2021,6
2293193,51243417,2021,2
2310860,51243417,2021,6
2132473921,92043057,2021,2
145274633,92043057,2021,2
147115675,92043057,2021,2
30291444,92043057,2021,2
2293193,92043057,2021,2
2310860,92043057,2021,2
145274633,2132473921,2021,2
147115675,2132473921,2021,2
2132473921,30291444,2021,2
2132473921,2293193,2021,2
2132473921,2310860,2021,2
145274633,147115675,2021,2
145274633,30291444,2021,2
145274633,2293193,2021,2
145274633,2310860,2021,2
147115675,2293193,2021,2
2293193,30291444,2021,2
2293193,2310860,2021,4
148176877,17845906,2021,4
17845906,30291444,2021,4
145334595,2327052,2021,2
13568600,145334595,2021,2
145334595,2149607497,2021,2
145334595,2293193,2021,2
13568600,2327052,2021,2
2149607497,2327052,2021,2
2293193,2327052,2021,2
2310860,2327052,2021,2
2327052,2660575,2021,2
13568600,2149607497,2021,2
13568600,2293193,2021,2
13568600,2310860,2021,2
13568600,2660575,2021,2
2149607497,2293193,2021,2
2149607497,2310860,2021,2
2149607497,2660575,2021,2
2113954636,52206144,2021,3
51243417,52206144,2021,2
30291444,52206144,2021,2
2310860,52206144,2021,2
2660575,52206144,2021,2
2099287915,2310860,2021,2
2099287915,73060992,2021,2
2099287915,2660575,2021,2
2310860,73060992,2021,2
2660575,73060992,2021,2
3391180,93833482,2021,1
2350947,93833482,2021,1
1707794,93833482,2021,1
2350947,3391180,2021,2
1707794,3391180,2021,1
1707794,2350947,2021,1
2984982,3391180,2021,1
2408467,3391180,2021,1
2408467,2984982,2021,1
2350947,2984982,2021,1
2350947,2408467,2021,1
145000932,29113221,2021,2
145000932,2152440005,2021,1
145000932,4952621,2021,1
2152440005,29113221,2021,1
29113221,4952621,2021,7
2152440005,4952621,2021,1
2117613012,31587820,2021,1
2117613012,34807578,2021,1
2117613012,2117972,2021,1
2067210235,2117613012,2021,2
2117609485,2117613012,2021,3
2117613012,5503019,2021,2
2117613012,51465221,2021,3
2117613012,29113221,2021,3
1394936279,2117613012,2021,2
2117613012,46257803,2021,3
2117613012,2219902,2021,2
2117613012,2156059229,2021,3
31587820,34807578,2021,1
2117972,31587820,2021,1
2067210235,31587820,2021,1
2117609485,31587820,2021,1
31587820,5503019,2021,1
31587820,51465221,2021,1
29113221,31587820,2021,1
1394936279,31587820,2021,1
31587820,46257803,2021,1
2219902,31587820,2021,1
2156059229,31587820,2021,1
2117972,34807578,2021,1
2067210235,34807578,2021,1
2117609485,34807578,2021,1
34807578,5503019,2021,1
34807578,51465221,2021,1
29113221,34807578,2021,1
1394936279,34807578,2021,1
34807578,46257803,2021,1
2219902,34807578,2021,1
2156059229,34807578,2021,1
2067210235,2117972,2021,1
2117609485,2117972,2021,1
2117972,5503019,2021,1
2117972,51465221,2021,1
2117972,29113221,2021,1
1394936279,2117972,2021,1
2117972,46257803,2021,1
2117972,2219902,2021,1
2117972,2156059229,2021,1
2067210235,2117609485,2021,2
2067210235,5503019,2021,2
2067210235,51465221,2021,2
2067210235,29113221,2021,2
1394936279,2067210235,2021,2
2067210235,46257803,2021,2
2067210235,2219902,2021,2
2067210235,2156059229,2021,2
2117609485,5503019,2021,2
2117609485,51465221,2021,3
2117609485,29113221,2021,3
1394936279,2117609485,2021,2
2117609485,46257803,2021,3
2117609485,2219902,2021,2
2117609485,2156059229,2021,3
51465221,5503019,2021,2
29113221,5503019,2021,2
1394936279,5503019,2021,2
46257803,5503019,2021,2
2219902,5503019,2021,2
2156059229,5503019,2021,2
29113221,51465221,2021,4
1394936279,51465221,2021,2
46257803,51465221,2021,4
2219902,51465221,2021,2
2156059229,51465221,2021,4
1394936279,29113221,2021,2
29113221,46257803,2021,5
2219902,29113221,2021,2
2156059229,29113221,2021,4
1394936279,46257803,2021,2
1394936279,2219902,2021,2
1394936279,2156059229,2021,2
2219902,46257803,2021,2
2156059229,46257803,2021,4
2156059229,2219902,2021,2
2067210235,2117611571,2021,1
2067210235,4538585,2021,1
2067210235,2143162137,2021,1
2117611571,46257803,2021,1
4538585,46257803,2021,1
2143162137,46257803,2021,1
2117611571,29113221,2021,1
29113221,4538585,2021,1
2143162137,29113221,2021,1
2117611571,5503019,2021,1
4538585,5503019,2021,1
2143162137,5503019,2021,1
1394936279,2117611571,2021,1
1394936279,4538585,2021,1
1394936279,2143162137,2021,1
2117611571,2156059229,2021,1
2156059229,4538585,2021,1
2143162137,2156059229,2021,1
2117611571,2219902,2021,1
2219902,4538585,2021,1
2143162137,2219902,2021,1
2117609485,2117611571,2021,1
2117611571,2117613012,2021,1
2117611571,4538585,2021,1
2117611571,2143162137,2021,1
2117611571,51465221,2021,1
2117609485,4538585,2021,1
2117609485,2143162137,2021,1
2117613012,4538585,2021,1
2117613012,2143162137,2021,1
2143162137,4538585,2021,1
4538585,51465221,2021,1
2143162137,51465221,2021,1
1581535289,29113221,2021,2
1581535289,2059389868,2021,1
1581535289,3615525,2021,2
1581535289,2120795,2021,2
2059389868,29113221,2021,1
29113221,3615525,2021,2
2120795,29113221,2021,2
2059389868,3615525,2021,1
2059389868,2120795,2021,1
2120795,3615525,2021,2
1466510226,29113221,2021,4
1466510226,98850147,2021,4
1466510226,51251081,2021,4
1466510226,51245714,2021,4
1466510226,51251600,2021,4
1466510226,2449352,2021,4
1466510226,4952621,2021,4
29113221,98850147,2021,6
29113221,51251081,2021,6
29113221,51245714,2021,6
29113221,51251600,2021,6
2449352,29113221,2021,8
51251081,98850147,2021,6
51245714,98850147,2021,6
51251600,98850147,2021,6
2449352,98850147,2021,6
4952621,98850147,2021,6
51245714,51251081,2021,6
51251081,51251600,2021,6
2449352,51251081,2021,6
4952621,51251081,2021,6
51245714,51251600,2021,6
2449352,51245714,2021,6
4952621,51245714,2021,6
2449352,51251600,2021,6
4952621,51251600,2021,6
2449352,4952621,2021,6
32725984,46257803,2021,1
104616849,46257803,2021,1
29113221,32725984,2021,1
104616849,29113221,2021,1
104616849,32725984,2021,1
144865166,4952621,2021,4
2086689908,4952621,2021,4
2146723179,4952621,2021,4
2139693185,4952621,2021,4
2122846830,4952621,2021,4
4952621,98572944,2021,2
2065992515,4952621,2021,4
4952621,6197651,2021,2
144865166,51251600,2021,4
144865166,51251081,2021,4
144865166,2086689908,2021,4
144865166,29113221,2021,4
144865166,2146723179,2021,4
144865166,2139693185,2021,4
144865166,51245714,2021,4
144865166,2122846830,2021,4
144865166,98572944,2021,2
144865166,98850147,2021,4
144865166,2065992515,2021,4
144865166,2449352,2021,4
144865166,6197651,2021,2
2086689908,51251600,2021,4
2146723179,51251600,2021,4
2139693185,51251600,2021,4
2122846830,51251600,2021,4
51251600,98572944,2021,2
2065992515,51251600,2021,4
51251600,6197651,2021,2
2086689908,51251081,2021,4
2146723179,51251081,2021,4
2139693185,51251081,2021,4
2122846830,51251081,2021,4
51251081,98572944,2021,2
2065992515,51251081,2021,4
51251081,6197651,2021,2
2086689908,29113221,2021,4
2086689908,2146723179,2021,4
2086689908,2139693185,2021,4
2086689908,51245714,2021,4
2086689908,2122846830,2021,4
2086689908,98572944,2021,2
2086689908,98850147,2021,4
2065992515,2086689908,2021,4
2086689908,2449352,2021,4
2086689908,6197651,2021,2
2146723179,29113221,2021,4
2139693185,29113221,2021,4
2122846830,29113221,2021,4
29113221,98572944,2021,2
2065992515,29113221,2021,4
29113221,6197651,2021,2
2139693185,2146723179,2021,4
2146723179,51245714,2021,4
2122846830,2146723179,2021,4
2146723179,98572944,2021,2
2146723179,98850147,2021,4
2065992515,2146723179,2021,4
2146723179,2449352,2021,4
2146723179,6197651,2021,2
2139693185,51245714,2021,4
2122846830,2139693185,2021,4
2139693185,98572944,2021,2
2139693185,98850147,2021,4
2065992515,2139693185,2021,4
2139693185,2449352,2021,4
2139693185,6197651,2021,2
2122846830,51245714,2021,4
51245714,98572944,2021,2
2065992515,51245714,2021,4
51245714,6197651,2021,2
2122846830,98572944,2021,2
2122846830,98850147,2021,4
2065992515,2122846830,2021,4
2122846830,2449352,2021,4
2122846830,6197651,2021,2
98572944,98850147,2021,2
2065992515,98572944,2021,2
2449352,98572944,2021,2
6197651,98572944,2021,2
2065992515,98850147,2021,4
6197651,98850147,2021,2
2065992515,2449352,2021,4
2065992515,6197651,2021,2
2449352,6197651,2021,2
2064692706,32567877,2021,1
32567877,3400740,2021,1
32303076,32567877,2021,1
2105656494,32567877,2021,1
2035301,32567877,2021,1
32567877,52137103,2021,1
2105659568,32567877,2021,1
2307982,32567877,2021,1
2146061716,32567877,2021,1
32567877,5838147,2021,1
32567877,33260128,2021,1
32567877,6051339,2021,1
29113221,32567877,2021,1
32567877,5105238,2021,1
32567877,39996551,2021,1
2064692706,3400740,2021,1
2064692706,32303076,2021,1
2064692706,2105656494,2021,1
2035301,2064692706,2021,1
2064692706,52137103,2021,1
2064692706,2105659568,2021,1
2064692706,2307982,2021,1
2064692706,2146061716,2021,1
2064692706,5838147,2021,1
2064692706,33260128,2021,1
2064692706,6051339,2021,1
2064692706,29113221,2021,1
2064692706,5105238,2021,1
2064692706,39996551,2021,1
32303076,3400740,2021,1
2105656494,3400740,2021,1
2035301,3400740,2021,1
3400740,52137103,2021,1
2105659568,3400740,2021,1
2307982,3400740,2021,1
2146061716,3400740,2021,1
3400740,5838147,2021,1
33260128,3400740,2021,1
3400740,6051339,2021,1
29113221,3400740,2021,1
3400740,5105238,2021,1
3400740,39996551,2021,1
2105656494,32303076,2021,1
2035301,32303076,2021,1
32303076,52137103,2021,1
2105659568,32303076,2021,1
2307982,32303076,2021,1
2146061716,32303076,2021,1
32303076,5838147,2021,1
32303076,33260128,2021,1
32303076,6051339,2021,1
29113221,32303076,2021,1
32303076,5105238,2021,1
32303076,39996551,2021,1
2035301,2105656494,2021,1
2105656494,52137103,2021,1
2105656494,2105659568,2021,1
2105656494,2307982,2021,1
2105656494,2146061716,2021,1
2105656494,5838147,2021,1
2105656494,33260128,2021,1
2105656494,6051339,2021,1
2105656494,29113221,2021,1
2105656494,5105238,2021,1
2105656494,39996551,2021,1
2035301,52137103,2021,1
2035301,2105659568,2021,1
2035301,2307982,2021,1
2035301,2146061716,2021,1
2035301,5838147,2021,1
2035301,33260128,2021,1
2035301,6051339,2021,1
2035301,29113221,2021,1
2035301,5105238,2021,1
2035301,39996551,2021,1
2105659568,52137103,2021,1
2307982,52137103,2021,1
2146061716,52137103,2021,1
52137103,5838147,2021,1
33260128,52137103,2021,1
52137103,6051339,2021,1
29113221,52137103,2021,1
5105238,52137103,2021,1
39996551,52137103,2021,1
2105659568,2307982,2021,1
2105659568,2146061716,2021,1
2105659568,5838147,2021,1
2105659568,33260128,2021,1
2105659568,6051339,2021,1
2105659568,29113221,2021,1
2105659568,5105238,2021,1
2105659568,39996551,2021,1
2146061716,2307982,2021,1
2307982,5838147,2021,1
2307982,33260128,2021,1
2307982,6051339,2021,1
2307982,29113221,2021,1
2307982,5105238,2021,1
2307982,39996551,2021,1
2146061716,5838147,2021,1
2146061716,33260128,2021,1
2146061716,6051339,2021,1
2146061716,29113221,2021,1
2146061716,5105238,2021,1
2146061716,39996551,2021,1
33260128,5838147,2021,1
5838147,6051339,2021,1
29113221,5838147,2021,1
5105238,5838147,2021,1
39996551,5838147,2021,1
33260128,6051339,2021,1
29113221,33260128,2021,1
33260128,5105238,2021,1
33260128,39996551,2021,1
29113221,6051339,2021,1
5105238,6051339,2021,1
39996551,6051339,2021,1
29113221,5105238,2021,1
29113221,39996551,2021,1
39996551,5105238,2021,1
2148420141,46257803,2021,2
2148420141,8520072,2021,2
2148420141,97865049,2021,2
144690410,2148420141,2021,2
2148420141,29113221,2021,2
2148420141,2156059229,2021,2
2148420141,51465221,2021,2
153068344,2148420141,2021,2
46257803,8520072,2021,2
46257803,97865049,2021,2
144690410,46257803,2021,2
153068344,46257803,2021,2
8520072,97865049,2021,2
144690410,8520072,2021,2
29113221,8520072,2021,2
2156059229,8520072,2021,2
51465221,8520072,2021,2
153068344,8520072,2021,2
144690410,97865049,2021,2
29113221,97865049,2021,3
2156059229,97865049,2021,2
51465221,97865049,2021,2
153068344,97865049,2021,2
144690410,29113221,2021,2
144690410,2156059229,2021,2
144690410,51465221,2021,2
144690410,153068344,2021,2
153068344,29113221,2021,2
153068344,2156059229,2021,2
153068344,51465221,2021,2
38615715,98454679,2021,1
3172681,98454679,2021,1
1794957,98454679,2021,1
3879996,98454679,2021,1
48367447,98454679,2021,1
29113221,98454679,2021,1
3172681,38615715,2021,1
1794957,38615715,2021,1
38615715,3879996,2021,1
38615715,48367447,2021,1
29113221,38615715,2021,2
1794957,3172681,2021,1
3172681,3879996,2021,1
3172681,48367447,2021,1
29113221,3172681,2021,1
1794957,3879996,2021,1
1794957,48367447,2021,1
1794957,29113221,2021,1
3879996,48367447,2021,1
29113221,3879996,2021,1
29113221,48367447,2021,1
2140533,8617760,2021,1
29113221,8617760,2021,1
38615715,8617760,2021,1
4463764,8617760,2021,1
2140533,29113221,2021,1
2140533,38615715,2021,1
2140533,4463764,2021,1
29113221,4463764,2021,1
38615715,4463764,2021,1
29113221,38365235,2021,2
2449352,38365235,2021,2
118584801,38365235,2021,2
38365235,5843257,2021,2
1808382,38365235,2021,2
25641251,38365235,2021,2
118584801,29113221,2021,2
29113221,5843257,2021,2
1808382,29113221,2021,2
25641251,29113221,2021,2
118584801,2449352,2021,2
2449352,5843257,2021,2
1808382,2449352,2021,2
2449352,25641251,2021,2
118584801,5843257,2021,2
118584801,1808382,2021,2
118584801,25641251,2021,2
1808382,5843257,2021,2
25641251,5843257,2021,2
1808382,25641251,2021,2
51465221,98739328,2021,1
2064717016,51465221,2021,1
120522821,51465221,2021,1
2152439918,51465221,2021,1
2156059229,98739328,2021,1
2064717016,2156059229,2021,1
120522821,2156059229,2021,1
2152439918,2156059229,2021,1
2117609485,98739328,2021,1
2117609485,8520072,2021,1
153068344,2117609485,2021,1
144690410,2117609485,2021,1
2117609485,2148420141,2021,1
2064717016,2117609485,2021,1
2117609485,97865049,2021,1
120522821,2117609485,2021,1
2117609485,2152439918,2021,1
2117613012,98739328,2021,1
8520072,98739328,2021,1
153068344,98739328,2021,1
144690410,98739328,2021,1
2148420141,98739328,2021,1
2064717016,98739328,2021,1
29113221,98739328,2021,1
46257803,98739328,2021,1
97865049,98739328,2021,1
120522821,98739328,2021,1
2152439918,98739328,2021,1
2117613012,8520072,2021,1
153068344,2117613012,2021,1
144690410,2117613012,2021,1
2117613012,2148420141,2021,1
2064717016,2117613012,2021,1
2117613012,97865049,2021,1
120522821,2117613012,2021,1
2117613012,2152439918,2021,1
2064717016,8520072,2021,1
120522821,8520072,2021,1
2152439918,8520072,2021,1
153068344,2064717016,2021,1
120522821,153068344,2021,1
153068344,2152439918,2021,1
144690410,2064717016,2021,1
120522821,144690410,2021,1
144690410,2152439918,2021,1
2064717016,2148420141,2021,1
120522821,2148420141,2021,1
2148420141,2152439918,2021,1
2064717016,29113221,2021,1
2064717016,46257803,2021,1
2064717016,97865049,2021,1
120522821,2064717016,2021,1
2064717016,2152439918,2021,1
120522821,29113221,2021,1
2152439918,29113221,2021,1
120522821,46257803,2021,1
2152439918,46257803,2021,1
120522821,97865049,2021,1
2152439918,97865049,2021,1
120522821,2152439918,2021,1
2113248149,2128859239,2021,1
1581535289,2113248149,2021,1
2113248149,29113221,2021,1
2113248149,2125850735,2021,1
2113248149,3615525,2021,1
2113248149,2120795,2021,1
1581535289,2128859239,2021,1
2128859239,29113221,2021,1
2125850735,2128859239,2021,1
2128859239,3615525,2021,1
2120795,2128859239,2021,1
1581535289,2125850735,2021,1
2125850735,29113221,2021,1
2125850735,3615525,2021,1
2120795,2125850735,2021,1
145000932,97865049,2021,1
145000932,145056611,2021,1
145056611,97865049,2021,1
145056611,29113221,2021,1
51245714,51250755,2021,2
51250755,51251600,2021,2
51250755,51251081,2021,2
144865166,51250755,2021,2
144865166,1466510226,2021,2
2086689908,51250755,2021,2
1466510226,2086689908,2021,2
2139693185,51250755,2021,2
2146723179,51250755,2021,2
2122846830,51250755,2021,2
1466510226,51250755,2021,2
51250755,98850147,2021,2
2065992515,51250755,2021,2
2449352,51250755,2021,2
29113221,51250755,2021,2
4952621,51250755,2021,2
1466510226,2139693185,2021,2
1466510226,2146723179,2021,2
1466510226,2122846830,2021,2
1466510226,2065992515,2021,2
1931674510,2229958,2021,2
32329053,40956171,2021,1
123735797,40956171,2021,1
40956171,6457169,2021,1
40956171,88548147,2021,1
2132460561,40956171,2021,1
32629487,40956171,2021,1
40956171,49579500,2021,1
40956171,4444363,2021,1
123735797,32329053,2021,1
32329053,6457169,2021,1
32329053,88548147,2021,1
2132460561,32329053,2021,1
32329053,32629487,2021,1
32329053,49579500,2021,1
32329053,4444363,2021,1
123735797,6457169,2021,1
123735797,88548147,2021,1
123735797,2132460561,2021,1
123735797,32629487,2021,1
123735797,49579500,2021,1
123735797,4444363,2021,1
6457169,88548147,2021,1
2132460561,6457169,2021,1
32629487,6457169,2021,1
49579500,6457169,2021,1
4444363,6457169,2021,1
2132460561,88548147,2021,1
32629487,88548147,2021,1
49579500,88548147,2021,1
4444363,88548147,2021,1
2132460561,32629487,2021,1
2132460561,49579500,2021,1
2132460561,4444363,2021,1
32629487,49579500,2021,1
32629487,4444363,2021,1
4444363,49579500,2021,1
1415954752,39559297,2021,1
1415954752,4444363,2021,2
39559297,4444363,2021,1
145430164,153445449,2021,2
153445449,4444363,2021,2
145430164,4444363,2021,2
15821100,2023545107,2021,2
2023545107,3357342,2021,2
2023545107,4444363,2021,2
2023545107,4550939,2021,2
2023545107,4091769,2021,2
2023545107,6387468,2021,2
15821100,3357342,2021,2
15821100,4444363,2021,2
15821100,4550939,2021,2
15821100,4091769,2021,2
15821100,6387468,2021,2
3357342,4444363,2021,2
3357342,4550939,2021,2
3357342,4091769,2021,2
3357342,6387468,2021,2
4444363,4550939,2021,2
4091769,4444363,2021,2
4444363,6387468,2021,3
4091769,4550939,2021,2
4550939,6387468,2021,2
4091769,6387468,2021,2
37888565,6621577,2021,1
37888565,4444363,2021,1
37888565,5905325,2021,1
37888565,51047453,2021,1
37888565,40607417,2021,1
1403795280,37888565,2021,1
102470532,37888565,2021,1
1907570491,37888565,2021,1
37888565,39329884,2021,1
37888565,6387468,2021,1
4444363,6621577,2021,1
5905325,6621577,2021,1
51047453,6621577,2021,1
40607417,6621577,2021,1
1403795280,6621577,2021,1
102470532,6621577,2021,1
1907570491,6621577,2021,1
39329884,6621577,2021,1
6387468,6621577,2021,1
4444363,5905325,2021,1
4444363,51047453,2021,1
40607417,4444363,2021,1
1403795280,4444363,2021,1
102470532,4444363,2021,1
1907570491,4444363,2021,1
39329884,4444363,2021,1
51047453,5905325,2021,1
40607417,5905325,2021,1
1403795280,5905325,2021,1
102470532,5905325,2021,1
1907570491,5905325,2021,1
39329884,5905325,2021,1
5905325,6387468,2021,1
40607417,51047453,2021,1
1403795280,51047453,2021,1
102470532,51047453,2021,1
1907570491,51047453,2021,1
39329884,51047453,2021,1
51047453,6387468,2021,1
1403795280,40607417,2021,1
102470532,40607417,2021,1
1907570491,40607417,2021,1
39329884,40607417,2021,1
40607417,6387468,2021,1
102470532,1403795280,2021,1
1403795280,1907570491,2021,1
1403795280,39329884,2021,1
1403795280,6387468,2021,1
102470532,1907570491,2021,1
102470532,39329884,2021,1
102470532,6387468,2021,1
1907570491,39329884,2021,1
1907570491,6387468,2021,1
39329884,6387468,2021,1
1572137256,3149509,2021,2
1572137256,4444363,2021,2
1572137256,5988360,2021,2
1572137256,38798234,2021,2
3149509,4444363,2021,2
3149509,5988360,2021,2
3149509,38798234,2021,2
4444363,5988360,2021,2
38798234,4444363,2021,2
38798234,5988360,2021,2
1387936232,3377701,2021,2
1387936229,1387936232,2021,3
1387936232,4444363,2021,2
1387936232,2159559517,2021,2
1387936232,2732732,2021,2
1387936232,2149812171,2021,2
1387936232,4490352,2021,2
1387936232,2357130,2021,2
1387936229,3377701,2021,3
3377701,4444363,2021,3
2159559517,3377701,2021,2
2732732,3377701,2021,3
2149812171,3377701,2021,3
3377701,4490352,2021,3
2357130,3377701,2021,3
1387936229,4444363,2021,3
1387936229,2159559517,2021,2
1387936229,2732732,2021,3
1387936229,2149812171,2021,3
1387936229,4490352,2021,3
1387936229,2357130,2021,3
2159559517,4444363,2021,2
2732732,4444363,2021,3
2149812171,4444363,2021,3
4444363,4490352,2021,3
2357130,4444363,2021,3
2159559517,2732732,2021,2
2149812171,2159559517,2021,2
2159559517,4490352,2021,2
2159559517,2357130,2021,2
2149812171,2732732,2021,3
2732732,4490352,2021,3
2357130,2732732,2021,3
2149812171,4490352,2021,3
2149812171,2357130,2021,3
2357130,4490352,2021,3
4444363,88821377,2021,1
1690827,4444363,2021,1
119049574,4444363,2021,1
1690827,88821377,2021,1
119049574,88821377,2021,1
119049574,1690827,2021,1
1707949690,4444363,2021,2
1707949690,5431332,2021,2
1707949690,40192662,2021,2
15601437,1707949690,2021,2
4444363,5431332,2021,3
40192662,4444363,2021,2
15601437,4444363,2021,3
40192662,5431332,2021,2
15601437,5431332,2021,2
15601437,40192662,2021,2
2051698212,47317563,2021,2
1810682820,47317563,2021,5
4444363,47317563,2021,5
1810682820,2051698212,2021,2
2051698212,4444363,2021,2
1810682820,4444363,2021,5
12277960,15601437,2021,1
12277960,2057273906,2021,1
12277960,41070458,2021,1
12277960,4146991,2021,1
12277960,4444363,2021,1
12277960,49666466,2021,1
12277960,1393557205,2021,1
15601437,2057273906,2021,1
15601437,41070458,2021,1
15601437,4146991,2021,1
15601437,49666466,2021,1
1393557205,15601437,2021,1
2057273906,41070458,2021,1
2057273906,4146991,2021,1
2057273906,4444363,2021,1
2057273906,49666466,2021,1
1393557205,2057273906,2021,1
41070458,4146991,2021,1
41070458,4444363,2021,1
41070458,49666466,2021,1
1393557205,41070458,2021,1
4146991,4444363,2021,1
4146991,49666466,2021,1
1393557205,4146991,2021,1
4444363,49666466,2021,1
1393557205,4444363,2021,1
1393557205,49666466,2021,1
115861742,1399480732,2021,1
115861742,2061308678,2021,1
115861742,2111171703,2021,1
115861742,4444363,2021,1
1399480732,2061308678,2021,1
1399480732,2111171703,2021,1
1399480732,4444363,2021,1
2061308678,2111171703,2021,1
2061308678,4444363,2021,1
2111171703,4444363,2021,1
4627633,79354048,2021,1
4627633,47895235,2021,1
4444363,4627633,2021,1
20908326,4627633,2021,1
47895235,79354048,2021,1
4444363,79354048,2021,1
20908326,79354048,2021,1
4444363,47895235,2021,1
20908326,47895235,2021,1
20908326,4444363,2021,1
1438563404,88717528,2021,1
1438563404,49633768,2021,1
1438563404,4481101,2021,1
122061827,1438563404,2021,1
123280703,1438563404,2021,1
1438563404,4444363,2021,1
49633768,88717528,2021,1
4481101,88717528,2021,1
122061827,88717528,2021,1
123280703,88717528,2021,1
4444363,88717528,2021,1
4481101,49633768,2021,1
122061827,49633768,2021,1
123280703,49633768,2021,1
4444363,49633768,2021,1
122061827,4481101,2021,1
123280703,4481101,2021,1
4444363,4481101,2021,1
122061827,123280703,2021,1
122061827,4444363,2021,1
123280703,4444363,2021,1
3909263,82712588,2021,1
4444363,82712588,2021,1
49275835,82712588,2021,1
3909263,4444363,2021,1
3909263,49275835,2021,1
4444363,49275835,2021,1
1381048255,47289184,2021,1
4444363,47289184,2021,1
1381048255,4444363,2021,1
116367766,1810682820,2021,1
116367766,47317563,2021,1
116367766,4444363,2021,1
2047705320,4444363,2021,1
1810682820,2047705320,2021,1
2047705320,47317563,2021,1
2023694909,3377701,2021,1
1387936229,2023694909,2021,1
2023694909,4444363,2021,1
119521462,2023694909,2021,1
2023694909,2732732,2021,1
2023694909,2149812171,2021,1
2023694909,4490352,2021,1
2023694909,2357130,2021,1
119521462,3377701,2021,1
119521462,1387936229,2021,1
119521462,4444363,2021,1
119521462,2732732,2021,1
119521462,2149812171,2021,1
119521462,4490352,2021,1
119521462,2357130,2021,1
2030989481,4444363,2021,1
4444363,78533580,2021,1
144887362,4444363,2021,1
147107515,4444363,2021,1
1454344877,4444363,2021,1
104605782,4444363,2021,1
14763646,4444363,2021,1
2030989481,47317563,2021,1
1810682820,2030989481,2021,1
2030989481,78533580,2021,1
144887362,2030989481,2021,1
147107515,2030989481,2021,1
1454344877,2030989481,2021,1
2030989481,5431332,2021,1
104605782,2030989481,2021,1
14763646,2030989481,2021,1
47317563,78533580,2021,1
144887362,47317563,2021,1
147107515,47317563,2021,1
1454344877,47317563,2021,1
47317563,5431332,2021,1
104605782,47317563,2021,1
14763646,47317563,2021,1
1810682820,78533580,2021,1
144887362,1810682820,2021,1
147107515,1810682820,2021,1
1454344877,1810682820,2021,1
1810682820,5431332,2021,1
104605782,1810682820,2021,1
14763646,1810682820,2021,1
144887362,78533580,2021,1
147107515,78533580,2021,1
1454344877,78533580,2021,1
5431332,78533580,2021,1
104605782,78533580,2021,1
14763646,78533580,2021,1
144887362,147107515,2021,1
144887362,1454344877,2021,1
144887362,5431332,2021,1
104605782,144887362,2021,1
144887362,14763646,2021,1
1454344877,147107515,2021,1
147107515,5431332,2021,1
104605782,147107515,2021,1
147107515,14763646,2021,1
1454344877,5431332,2021,1
104605782,1454344877,2021,1
1454344877,14763646,2021,1
104605782,5431332,2021,1
14763646,5431332,2021,1
104605782,14763646,2021,1
48620279,5878881,2021,2
2138591037,5878881,2021,1
32138646,5878881,2021,2
145046057,5878881,2021,2
2138591037,48620279,2021,1
32138646,48620279,2021,2
145046057,48620279,2021,2
2138591037,32138646,2021,1
145046057,2138591037,2021,1
145046057,32138646,2021,2
5878881,83437151,2021,1
48620279,83437151,2021,1
32138646,83437151,2021,1
145046057,83437151,2021,1
2026693685,6030950,2021,1
2026693685,5010004,2021,1
1582732867,2026693685,2021,1
145046057,2026693685,2021,1
5010004,6030950,2021,1
1582732867,6030950,2021,1
145046057,6030950,2021,1
1582732867,5010004,2021,1
145046057,5010004,2021,1
145046057,1582732867,2021,1
10750703,6052279,2021,1
145046057,6052279,2021,1
10750703,145046057,2021,1
4714609,72960714,2021,1
46298112,4714609,2021,1
32188833,4714609,2021,1
4714609,84612450,2021,1
143685880,4714609,2021,1
2251512,4714609,2021,1
46298112,72960714,2021,1
32188833,72960714,2021,1
72960714,84612450,2021,1
143685880,72960714,2021,1
2251512,72960714,2021,1
32188833,46298112,2021,1
46298112,84612450,2021,1
143685880,46298112,2021,1
2251512,46298112,2021,1
32188833,84612450,2021,1
143685880,32188833,2021,1
2251512,32188833,2021,1
143685880,84612450,2021,1
2251512,84612450,2021,1
143685880,2251512,2021,1
146909724,49475883,2021,1
146909724,46298112,2021,1
1412613322,146909724,2021,1
46298112,49475883,2021,1
1412613322,49475883,2021,1
1412613322,46298112,2021,1
1490666817,1621967402,2021,1
1490666817,1694232,2021,1
1490666817,46298112,2021,1
1621967402,1694232,2021,1
1621967402,46298112,2021,1
1694232,46298112,2021,1
2110955206,2113954636,2021,1
2110955206,52206144,2021,1
2108583280,2110955206,2021,2
2110955206,2151585525,2021,1
1732789,2110955206,2021,2
2108583280,2113954636,2021,1
2113954636,2151585525,2021,1
1732789,2113954636,2021,1
2108583280,52206144,2021,1
2151585525,52206144,2021,1
1732789,52206144,2021,2
2108583280,2151585525,2021,1
1732789,2108583280,2021,2
1732789,2151585525,2021,1
52206144,65832441,2021,1
35005068,52206144,2021,1
49298450,52206144,2021,1
35005068,65832441,2021,1
1732789,65832441,2021,1
49298450,65832441,2021,1
1732789,35005068,2021,1
35005068,49298450,2021,1
1732789,49298450,2021,1
1573391472,2036765585,2021,1
1573391472,30775671,2021,1
1573391472,1732789,2021,1
2036765585,30775671,2021,1
1732789,2036765585,2021,1
1732789,30775671,2021,1
2110955206,3195774,2021,1
2108583280,3195774,2021,1
1732789,3195774,2021,1
1435204814,37168240,2021,1
1435204814,2800259,2021,1
12975799,1435204814,2021,1
2800259,37168240,2021,1
12975799,37168240,2021,1
12975799,2800259,2021,1
2552141,48833475,2021,1
2800259,48833475,2021,1
2552141,2800259,2021,1
1612340138,84101078,2021,1
1403270439,1612340138,2021,1
152916042,1612340138,2021,1
1612340138,18097270,2021,1
143750914,1612340138,2021,1
1403270439,84101078,2021,1
152916042,84101078,2021,1
18097270,84101078,2021,1
1387936232,84101078,2021,1
143750914,84101078,2021,1
1403270439,152916042,2021,1
1403270439,18097270,2021,1
1387936232,1403270439,2021,1
1403270439,143750914,2021,1
152916042,18097270,2021,1
1387936232,152916042,2021,1
143750914,152916042,2021,1
1387936232,18097270,2021,1
143750914,18097270,2021,1
1387936232,143750914,2021,1
138555253,51901191,2021,1
138555253,2113922116,2021,1
138555253,3595424,2021,1
138555253,1387936232,2021,1
138555253,3561905,2021,1
2113922116,51901191,2021,1
3595424,51901191,2021,1
1387936232,51901191,2021,1
3561905,51901191,2021,1
2113922116,3595424,2021,1
1387936232,2113922116,2021,1
2113922116,3561905,2021,1
1387936232,3595424,2021,1
3561905,3595424,2021,1
1387936232,3561905,2021,1
1387936232,2504446,2021,3
1387936232,2307982,2021,2
1387936232,2295961,2021,2
2307982,2504446,2021,2
2295961,2307982,2021,1
35478592,4314098,2021,1
1387936232,4314098,2021,2
34207642,35478592,2021,1
1387936232,35478592,2021,1
2504446,35478592,2021,1
1387936232,34207642,2021,2
102156922,1387936232,2021,2
102156922,2229958,2021,3
102156922,116433436,2021,2
116433436,1387936232,2021,2
116433436,2229958,2021,2
47812115,49301896,2021,1
3383776,47812115,2021,1
152613316,47812115,2021,1
2068307815,47812115,2021,1
15727198,47812115,2021,1
1387936232,47812115,2021,1
2062838347,47812115,2021,1
3383776,49301896,2021,1
152613316,49301896,2021,1
2068307815,49301896,2021,1
15727198,49301896,2021,1
1387936232,49301896,2021,1
2062838347,49301896,2021,1
152613316,3383776,2021,1
2068307815,3383776,2021,1
15727198,3383776,2021,1
1387936232,3383776,2021,1
2062838347,3383776,2021,1
152613316,2068307815,2021,1
152613316,15727198,2021,1
1387936232,152613316,2021,1
152613316,2062838347,2021,1
15727198,2068307815,2021,1
1387936232,2068307815,2021,1
2062838347,2068307815,2021,1
1387936232,15727198,2021,1
15727198,2062838347,2021,1
1387936232,2062838347,2021,1
114955595,1981332,2021,1
145846313,1981332,2021,1
1981332,3129259,2021,1
1981332,3201726,2021,1
1981332,2493481,2021,1
1981332,2636136,2021,1
1981332,2640521,2021,1
1981332,2125751431,2021,1
1387936232,1981332,2021,1
1981332,2129842,2021,1
144670263,1981332,2021,1
1774645,1981332,2021,1
1697795,1981332,2021,1
114955595,145846313,2021,1
114955595,3129259,2021,1
114955595,3201726,2021,1
114955595,2493481,2021,1
114955595,2636136,2021,1
114955595,2640521,2021,1
114955595,2125751431,2021,1
114955595,1387936232,2021,1
114955595,2129842,2021,1
114955595,144670263,2021,1
114955595,1774645,2021,1
114955595,1697795,2021,1
145846313,3129259,2021,1
145846313,3201726,2021,1
145846313,2493481,2021,1
145846313,2636136,2021,1
145846313,2640521,2021,1
145846313,2125751431,2021,1
1387936232,145846313,2021,1
145846313,2129842,2021,1
144670263,145846313,2021,1
145846313,1774645,2021,1
145846313,1697795,2021,1
3129259,3201726,2021,1
2493481,3129259,2021,1
2636136,3129259,2021,1
2640521,3129259,2021,1
2125751431,3129259,2021,1
1387936232,3129259,2021,1
2129842,3129259,2021,1
144670263,3129259,2021,1
1774645,3129259,2021,1
1697795,3129259,2021,1
2493481,3201726,2021,1
2636136,3201726,2021,1
2640521,3201726,2021,1
2125751431,3201726,2021,1
1387936232,3201726,2021,1
2129842,3201726,2021,1
144670263,3201726,2021,1
1774645,3201726,2021,1
1697795,3201726,2021,1
2493481,2636136,2021,1
2493481,2640521,2021,1
2125751431,2493481,2021,1
1387936232,2493481,2021,1
2129842,2493481,2021,1
144670263,2493481,2021,1
1774645,2493481,2021,1
1697795,2493481,2021,1
2636136,2640521,2021,1
2125751431,2636136,2021,1
1387936232,2636136,2021,1
2129842,2636136,2021,1
144670263,2636136,2021,1
1774645,2636136,2021,1
1697795,2636136,2021,1
2125751431,2640521,2021,1
1387936232,2640521,2021,1
2129842,2640521,2021,1
144670263,2640521,2021,1
1774645,2640521,2021,1
1697795,2640521,2021,1
1387936232,2125751431,2021,1
2125751431,2129842,2021,1
144670263,2125751431,2021,1
1774645,2125751431,2021,1
1697795,2125751431,2021,1
1387936232,2129842,2021,1
1387936232,144670263,2021,1
1387936232,1774645,2021,1
1387936232,1697795,2021,1
144670263,2129842,2021,1
1774645,2129842,2021,1
1697795,2129842,2021,1
144670263,1774645,2021,1
144670263,1697795,2021,1
1697795,1774645,2021,1
34207642,39011141,2021,1
2172624721,34207642,2021,1
2262177,34207642,2021,1
34207642,4019427,2021,1
1401138133,34207642,2021,1
3004067,34207642,2021,1
2116103258,34207642,2021,1
23686727,34207642,2021,1
2307982,34207642,2021,1
34207642,34857062,2021,1
34207642,3782320,2021,1
2851461,34207642,2021,1
39011141,4314098,2021,1
2172624721,4314098,2021,1
2262177,4314098,2021,1
4019427,4314098,2021,1
1401138133,4314098,2021,1
3004067,4314098,2021,1
2116103258,4314098,2021,1
23686727,4314098,2021,1
2307982,4314098,2021,1
34857062,4314098,2021,1
3782320,4314098,2021,1
2851461,4314098,2021,1
12707188,39011141,2021,1
12707188,2172624721,2021,1
12707188,2262177,2021,1
12707188,4019427,2021,1
12707188,1401138133,2021,1
12707188,3004067,2021,1
12707188,2116103258,2021,1
12707188,23686727,2021,1
12707188,2307982,2021,1
12707188,34857062,2021,1
12707188,3782320,2021,1
12707188,2851461,2021,1
12707188,1387936232,2021,1
2172624721,39011141,2021,1
39011141,39954198,2021,1
2262177,39011141,2021,1
39011141,4019427,2021,1
1401138133,39011141,2021,1
3004067,39011141,2021,1
2116103258,39011141,2021,1
23686727,39011141,2021,1
2307982,39011141,2021,1
34857062,39011141,2021,1
3782320,39011141,2021,1
2851461,39011141,2021,1
1387936232,39011141,2021,1
2504446,39011141,2021,1
2172624721,39954198,2021,1
2172624721,2262177,2021,1
2172624721,4019427,2021,1
1401138133,2172624721,2021,1
2172624721,3004067,2021,1
2116103258,2172624721,2021,1
2172624721,23686727,2021,1
2172624721,2307982,2021,1
2172624721,34857062,2021,1
2172624721,3782320,2021,1
2172624721,2851461,2021,1
1387936232,2172624721,2021,1
2172624721,2504446,2021,1
2262177,39954198,2021,1
39954198,4019427,2021,1
1401138133,39954198,2021,1
3004067,39954198,2021,1
2116103258,39954198,2021,1
23686727,39954198,2021,1
2307982,39954198,2021,1
34857062,39954198,2021,1
3782320,39954198,2021,1
2851461,39954198,2021,1
1387936232,39954198,2021,1
2262177,4019427,2021,1
1401138133,2262177,2021,1
2262177,3004067,2021,1
2116103258,2262177,2021,1
2262177,23686727,2021,1
2262177,2307982,2021,1
2262177,34857062,2021,1
2262177,3782320,2021,1
2262177,2851461,2021,1
1387936232,2262177,2021,1
2262177,2504446,2021,1
1401138133,4019427,2021,1
3004067,4019427,2021,1
2116103258,4019427,2021,1
23686727,4019427,2021,1
2307982,4019427,2021,1
34857062,4019427,2021,1
3782320,4019427,2021,1
2851461,4019427,2021,1
1387936232,4019427,2021,1
2504446,4019427,2021,1
1401138133,3004067,2021,1
1401138133,2116103258,2021,1
1401138133,23686727,2021,1
1401138133,2307982,2021,1
1401138133,34857062,2021,1
1401138133,3782320,2021,1
1401138133,2851461,2021,1
1387936232,1401138133,2021,1
1401138133,2504446,2021,1
2116103258,3004067,2021,1
23686727,3004067,2021,1
2307982,3004067,2021,1
3004067,34857062,2021,1
3004067,3782320,2021,1
2851461,3004067,2021,1
1387936232,3004067,2021,1
2504446,3004067,2021,1
2116103258,23686727,2021,1
2116103258,2307982,2021,1
2116103258,34857062,2021,1
2116103258,3782320,2021,1
2116103258,2851461,2021,1
1387936232,2116103258,2021,1
2116103258,2504446,2021,1
2307982,23686727,2021,1
23686727,34857062,2021,1
23686727,3782320,2021,1
23686727,2851461,2021,1
1387936232,23686727,2021,1
23686727,2504446,2021,1
2307982,34857062,2021,1
2307982,3782320,2021,1
2307982,2851461,2021,1
34857062,3782320,2021,1
2851461,34857062,2021,1
1387936232,34857062,2021,1
2504446,34857062,2021,1
2851461,3782320,2021,1
1387936232,3782320,2021,1
2504446,3782320,2021,1
1387936232,2851461,2021,1
2504446,2851461,2021,1
134852795,1387936229,2021,1
1387936229,2295961,2021,1
1387936229,2648477,2021,1
134852795,2295961,2021,1
134852795,2648477,2021,1
134852795,1387936232,2021,1
2295961,2648477,2021,1
1387936232,2648477,2021,1
152421869,3096649,2021,1
143654479,3096649,2021,1
145307990,3096649,2021,1
2368341,3096649,2021,1
143654479,152421869,2021,1
145307990,152421869,2021,1
152421869,2368341,2021,1
143654479,145307990,2021,1
143654479,2368341,2021,1
145307990,2368341,2021,1
1957867261,51053616,2021,1
1957867261,3081457,2021,1
1957867261,7373730,2021,2
1400632409,1957867261,2021,2
3081457,51053616,2021,1
51053616,7373730,2021,2
1400632409,51053616,2021,1
3081457,7373730,2021,1
1400632409,3081457,2021,1
1400632409,7373730,2021,3
145616961,7373730,2021,2
103655856,51053616,2021,1
1388682042,51053616,2021,1
103655856,1388682042,2021,1
103655856,7373730,2021,1
1388682042,7373730,2021,1
1957867261,51051515,2021,1
3450084,51051515,2021,1
2070083553,51051515,2021,1
51051515,7373730,2021,1
1400632409,51051515,2021,1
1957867261,3450084,2021,1
1957867261,2070083553,2021,1
2070083553,3450084,2021,3
3450084,7373730,2021,4
1400632409,3450084,2021,2
2070083553,7373730,2021,3
1400632409,2070083553,2021,2
1716219378,6032938,2021,1
3450084,6032938,2021,3
1979968,6032938,2021,1
6032938,7373730,2021,3
145616961,6032938,2021,1
1716219378,3450084,2021,1
1716219378,1979968,2021,1
1716219378,7373730,2021,1
145616961,1716219378,2021,1
1979968,3450084,2021,1
145616961,3450084,2021,1
1979968,7373730,2021,1
145616961,1979968,2021,1
2070083553,6032938,2021,2
107706486,3450084,2021,1
2057425916,3450084,2021,1
107706486,6032938,2021,1
107706486,2057425916,2021,1
107706486,2070083553,2021,1
107706486,1400632409,2021,1
107706486,7373730,2021,1
2057425916,6032938,2021,1
1400632409,6032938,2021,1
2057425916,2070083553,2021,1
1400632409,2057425916,2021,1
2057425916,7373730,2021,1
49172955,51092804,2021,1
2086070326,31954599,2021,1
2097232,31954599,2021,1
2229958,31954599,2021,1
145351935,31954599,2021,1
2408791,31954599,2021,1
2086070326,2097232,2021,1
2086070326,2229958,2021,1
145351935,2086070326,2021,1
2086070326,2408791,2021,1
2097232,2229958,2021,1
145351935,2097232,2021,1
2097232,2408791,2021,1
145351935,2229958,2021,1
2229958,2408791,2021,1
145351935,2408791,2021,1
102156922,1403098596,2021,1
102156922,2023694909,2021,1
1403098596,2229958,2021,1
1403098596,2023694909,2021,1
1945992,51240232,2021,1
1945992,79981412,2021,2
2771794,79981412,2021,2
1945992,2771794,2021,2
2513267,79981412,2021,1
2513267,2771794,2021,1
1945992,2513267,2021,2
2513267,31084767,2021,1
2074046771,2513267,2021,1
2011787,2513267,2021,1
2074046771,31084767,2021,1
2011787,31084767,2021,1
1945992,31084767,2021,1
2011787,2074046771,2021,1
1945992,2074046771,2021,1
1945992,2011787,2021,1
