2554498,38247697,2017,1
2016371,38247697,2017,1
1794748,38247697,2017,1
2016371,2554498,2017,1
1794748,2554498,2017,1
1794748,2016371,2017,1
2310276,33587115,2017,1
1398054936,2310276,2017,1
2310276,4804476,2017,1
145079022,2310276,2017,1
2310276,6357280,2017,1
2310276,4718435,2017,1
2310276,33393854,2017,1
2310276,50373055,2017,1
2310276,40581461,2017,1
2310276,3479346,2017,1
2310276,2431185,2017,1
145759191,2310276,2017,1
1714850,2310276,2017,1
1409432424,2310276,2017,1
2310276,5607326,2017,1
2310276,4579132,2017,1
2310276,32199153,2017,1
2310276,5298108,2017,1
1398054936,33587115,2017,1
33587115,4804476,2017,1
145079022,33587115,2017,1
33587115,6357280,2017,1
33587115,4718435,2017,1
33393854,33587115,2017,1
33587115,50373055,2017,1
33587115,40581461,2017,1
33587115,3479346,2017,1
2431185,33587115,2017,1
145759191,33587115,2017,1
1714850,33587115,2017,1
1409432424,33587115,2017,1
33587115,5607326,2017,1
33587115,4579132,2017,1
32199153,33587115,2017,1
33587115,5298108,2017,1
1398054936,4804476,2017,1
1398054936,145079022,2017,1
1398054936,6357280,2017,1
1398054936,4718435,2017,1
1398054936,33393854,2017,1
1398054936,50373055,2017,1
1398054936,40581461,2017,1
1398054936,3479346,2017,1
1398054936,2431185,2017,1
1398054936,145759191,2017,1
1398054936,1714850,2017,1
1398054936,1409432424,2017,1
1398054936,5607326,2017,1
1398054936,4579132,2017,1
1398054936,32199153,2017,1
1398054936,5298108,2017,1
145079022,4804476,2017,1
4804476,6357280,2017,1
4718435,4804476,2017,1
33393854,4804476,2017,1
4804476,50373055,2017,1
40581461,4804476,2017,1
3479346,4804476,2017,1
2431185,4804476,2017,1
145759191,4804476,2017,1
1714850,4804476,2017,1
1409432424,4804476,2017,1
4804476,5607326,2017,1
4579132,4804476,2017,1
32199153,4804476,2017,1
4804476,5298108,2017,1
145079022,6357280,2017,1
145079022,4718435,2017,1
145079022,33393854,2017,1
145079022,50373055,2017,1
145079022,40581461,2017,1
145079022,3479346,2017,1
145079022,2431185,2017,1
145079022,145759191,2017,1
145079022,1714850,2017,1
1409432424,145079022,2017,1
145079022,5607326,2017,1
145079022,4579132,2017,1
145079022,32199153,2017,1
145079022,5298108,2017,1
4718435,6357280,2017,1
33393854,6357280,2017,1
50373055,6357280,2017,1
40581461,6357280,2017,1
3479346,6357280,2017,1
2431185,6357280,2017,1
145759191,6357280,2017,1
1714850,6357280,2017,1
1409432424,6357280,2017,1
5607326,6357280,2017,1
4579132,6357280,2017,1
32199153,6357280,2017,1
5298108,6357280,2017,1
33393854,4718435,2017,1
4718435,50373055,2017,1
40581461,4718435,2017,1
3479346,4718435,2017,1
2431185,4718435,2017,1
145759191,4718435,2017,1
1714850,4718435,2017,1
1409432424,4718435,2017,1
4718435,5607326,2017,1
4579132,4718435,2017,1
32199153,4718435,2017,1
4718435,5298108,2017,1
33393854,50373055,2017,1
33393854,40581461,2017,1
33393854,3479346,2017,1
2431185,33393854,2017,1
145759191,33393854,2017,1
1714850,33393854,2017,1
1409432424,33393854,2017,1
33393854,5607326,2017,1
33393854,4579132,2017,1
32199153,33393854,2017,1
33393854,5298108,2017,1
40581461,50373055,2017,1
3479346,50373055,2017,1
2431185,50373055,2017,1
145759191,50373055,2017,1
1714850,50373055,2017,1
1409432424,50373055,2017,1
50373055,5607326,2017,1
4579132,50373055,2017,1
32199153,50373055,2017,1
50373055,5298108,2017,1
3479346,40581461,2017,1
2431185,40581461,2017,1
145759191,40581461,2017,1
1714850,40581461,2017,1
1409432424,40581461,2017,2
40581461,5607326,2017,1
40581461,4579132,2017,1
32199153,40581461,2017,1
40581461,5298108,2017,1
2431185,3479346,2017,1
145759191,3479346,2017,1
1714850,3479346,2017,1
1409432424,3479346,2017,1
3479346,5607326,2017,1
3479346,4579132,2017,1
32199153,3479346,2017,1
3479346,5298108,2017,1
145759191,2431185,2017,1
1714850,2431185,2017,1
1409432424,2431185,2017,1
2431185,5607326,2017,1
2431185,4579132,2017,1
2431185,32199153,2017,1
2431185,5298108,2017,1
145759191,1714850,2017,1
1409432424,145759191,2017,1
145759191,5607326,2017,1
145759191,4579132,2017,1
145759191,32199153,2017,1
145759191,5298108,2017,1
1409432424,1714850,2017,1
1714850,5607326,2017,1
1714850,4579132,2017,1
1714850,32199153,2017,1
1714850,5298108,2017,1
1409432424,5607326,2017,1
1409432424,4579132,2017,1
1409432424,32199153,2017,1
1409432424,5298108,2017,1
4579132,5607326,2017,1
32199153,5607326,2017,1
5298108,5607326,2017,1
32199153,4579132,2017,1
4579132,5298108,2017,1
32199153,5298108,2017,1
27397386,4624162,2017,2
27397386,50526493,2017,3
27397386,3262358,2017,2
27397386,46666242,2017,1
27397386,30341953,2017,3
1409432424,27397386,2017,3
27397386,6585130,2017,3
4624162,50526493,2017,2
3262358,4624162,2017,2
4624162,46666242,2017,1
30341953,4624162,2017,2
1409432424,4624162,2017,2
4624162,6585130,2017,2
3262358,50526493,2017,2
46666242,50526493,2017,1
30341953,50526493,2017,3
1409432424,50526493,2017,3
50526493,6585130,2017,3
3262358,46666242,2017,1
30341953,3262358,2017,2
1409432424,3262358,2017,2
3262358,6585130,2017,2
30341953,46666242,2017,1
1409432424,46666242,2017,1
46666242,6585130,2017,1
1409432424,30341953,2017,3
30341953,6585130,2017,3
1409432424,6585130,2017,3
122385618,50526493,2017,1
152695921,50526493,2017,2
122385618,4624162,2017,1
152695921,4624162,2017,1
122385618,3262358,2017,1
152695921,3262358,2017,1
122385618,30341953,2017,1
152695921,30341953,2017,2
122385618,152695921,2017,1
122385618,1409432424,2017,1
122385618,6585130,2017,1
122385618,27397386,2017,1
1409432424,152695921,2017,2
152695921,6585130,2017,2
152695921,27397386,2017,2
40581461,6007349,2017,1
40581461,48589348,2017,1
40581461,6247880,2017,1
48589348,6007349,2017,1
1409432424,6007349,2017,1
6007349,6247880,2017,1
1409432424,48589348,2017,1
48589348,6247880,2017,1
1409432424,6247880,2017,1
1409432424,47012543,2017,1
3591987,47012543,2017,1
1409432424,3591987,2017,1
2379171,6585130,2017,1
104448369,6585130,2017,1
143834436,6585130,2017,1
2004225,6585130,2017,1
1396341930,6585130,2017,1
144818427,6585130,2017,1
144785809,6585130,2017,1
2107415820,6585130,2017,1
104448369,2379171,2017,1
152695921,2379171,2017,1
2379171,27397386,2017,1
143834436,2379171,2017,1
2004225,2379171,2017,1
1396341930,2379171,2017,1
2379171,50526493,2017,1
2379171,30341953,2017,1
144818427,2379171,2017,1
1409432424,2379171,2017,1
144785809,2379171,2017,1
2107415820,2379171,2017,1
104448369,152695921,2017,1
104448369,27397386,2017,1
104448369,143834436,2017,1
104448369,2004225,2017,1
104448369,1396341930,2017,1
104448369,50526493,2017,1
104448369,30341953,2017,1
104448369,144818427,2017,1
104448369,1409432424,2017,1
104448369,144785809,2017,1
104448369,2107415820,2017,1
143834436,152695921,2017,1
152695921,2004225,2017,1
1396341930,152695921,2017,1
144818427,152695921,2017,1
144785809,152695921,2017,1
152695921,2107415820,2017,1
143834436,27397386,2017,1
2004225,27397386,2017,1
1396341930,27397386,2017,1
144818427,27397386,2017,1
144785809,27397386,2017,1
2107415820,27397386,2017,1
143834436,2004225,2017,1
1396341930,143834436,2017,1
143834436,50526493,2017,1
143834436,30341953,2017,1
143834436,144818427,2017,1
1409432424,143834436,2017,1
143834436,144785809,2017,1
143834436,2107415820,2017,1
1396341930,2004225,2017,1
2004225,50526493,2017,1
2004225,30341953,2017,1
144818427,2004225,2017,1
1409432424,2004225,2017,1
144785809,2004225,2017,1
2004225,2107415820,2017,1
1396341930,50526493,2017,1
1396341930,30341953,2017,1
1396341930,144818427,2017,1
1396341930,1409432424,2017,1
1396341930,144785809,2017,1
1396341930,2107415820,2017,1
144818427,50526493,2017,1
144785809,50526493,2017,1
2107415820,50526493,2017,1
144818427,30341953,2017,1
144785809,30341953,2017,1
2107415820,30341953,2017,1
1409432424,144818427,2017,1
144785809,144818427,2017,1
144818427,2107415820,2017,1
1409432424,144785809,2017,1
1409432424,2107415820,2017,1
144785809,2107415820,2017,1
1714115,48176405,2017,1
1714115,52110862,2017,1
1413441343,1714115,2017,1
1714115,47955371,2017,1
1714115,49815370,2017,1
1409432424,1714115,2017,1
1714115,3337834,2017,1
1714115,2064962669,2017,1
1714115,2567708,2017,1
1714115,2740809,2017,1
1714115,3139880,2017,1
48176405,52110862,2017,1
1413441343,48176405,2017,1
47955371,48176405,2017,1
48176405,49815370,2017,1
1409432424,48176405,2017,1
3337834,48176405,2017,1
2064962669,48176405,2017,1
2567708,48176405,2017,1
2740809,48176405,2017,1
3139880,48176405,2017,1
1413441343,52110862,2017,1
47955371,52110862,2017,1
49815370,52110862,2017,1
1409432424,52110862,2017,1
3337834,52110862,2017,1
2064962669,52110862,2017,1
2567708,52110862,2017,1
2740809,52110862,2017,1
3139880,52110862,2017,1
1413441343,47955371,2017,1
1413441343,49815370,2017,1
1409432424,1413441343,2017,1
1413441343,3337834,2017,1
1413441343,2064962669,2017,1
1413441343,2567708,2017,1
1413441343,2740809,2017,1
1413441343,3139880,2017,1
47955371,49815370,2017,1
1409432424,47955371,2017,1
3337834,47955371,2017,1
2064962669,47955371,2017,1
2567708,47955371,2017,1
2740809,47955371,2017,1
3139880,47955371,2017,1
1409432424,49815370,2017,1
3337834,49815370,2017,1
2064962669,49815370,2017,1
2567708,49815370,2017,1
2740809,49815370,2017,1
3139880,49815370,2017,1
1409432424,3337834,2017,1
1409432424,2064962669,2017,1
1409432424,2567708,2017,1
1409432424,2740809,2017,1
1409432424,3139880,2017,1
2064962669,3337834,2017,1
2567708,3337834,2017,1
2740809,3337834,2017,1
3139880,3337834,2017,1
2064962669,2567708,2017,1
2064962669,2740809,2017,1
2064962669,3139880,2017,1
2567708,2740809,2017,1
2567708,3139880,2017,1
2740809,3139880,2017,1
87298917,97865049,2017,3
29113221,97865049,2017,3
1409432424,97865049,2017,2
34228632,97865049,2017,3
32725984,97865049,2017,3
29113221,87298917,2017,3
1409432424,87298917,2017,2
34228632,87298917,2017,3
32725984,87298917,2017,3
1409432424,29113221,2017,2
29113221,34228632,2017,4
29113221,32725984,2017,8
1409432424,34228632,2017,2
1409432424,32725984,2017,2
32725984,34228632,2017,4
1387936229,2232853,2017,3
2096311,2232853,2017,1
2232853,2648477,2017,3
1387936229,2096311,2017,1
1387936229,2648477,2017,2
2096311,2648477,2017,1
1387936229,39382626,2017,2
1387936229,145164251,2017,2
1387936229,2062825204,2017,1
2232853,39382626,2017,3
145164251,2232853,2017,2
2062825204,2232853,2017,1
145164251,39382626,2017,2
2062825204,39382626,2017,1
145164251,2062825204,2017,1
143973671,39382626,2017,1
2648477,39382626,2017,2
143973671,2232853,2017,1
143973671,2648477,2017,1
145164251,2648477,2017,1
118400138,2232853,2017,2
2232853,6042194,2017,2
2232853,46298112,2017,2
118400138,6042194,2017,6
118400138,46298112,2017,8
46298112,6042194,2017,6
116920648,117464257,2017,1
116920648,118221919,2017,1
116920648,3759062,2017,1
116920648,144056748,2017,1
116920648,2030015,2017,1
116920648,2943065,2017,1
116920648,2454682,2017,1
116920648,3757801,2017,1
116920648,6843625,2017,1
116920648,2683022,2017,1
117464257,118221919,2017,1
117464257,3759062,2017,1
117464257,144056748,2017,1
117464257,2030015,2017,1
117464257,2943065,2017,1
117464257,2454682,2017,1
117464257,3757801,2017,1
117464257,6843625,2017,1
117464257,2683022,2017,1
118221919,3759062,2017,1
118221919,144056748,2017,1
118221919,2030015,2017,1
118221919,2943065,2017,1
118221919,2454682,2017,1
118221919,3757801,2017,1
118221919,6843625,2017,1
118221919,2683022,2017,1
144056748,3759062,2017,1
2030015,3759062,2017,1
2943065,3759062,2017,1
2454682,3759062,2017,1
3757801,3759062,2017,1
3759062,6843625,2017,1
2683022,3759062,2017,1
144056748,2030015,2017,1
144056748,2943065,2017,1
144056748,2454682,2017,1
144056748,3757801,2017,1
144056748,6843625,2017,1
144056748,2683022,2017,1
2030015,2943065,2017,1
2030015,2454682,2017,1
2030015,3757801,2017,1
2030015,6843625,2017,1
2030015,2683022,2017,1
2454682,2943065,2017,1
2943065,3757801,2017,1
2943065,6843625,2017,1
2683022,2943065,2017,2
2454682,3757801,2017,1
2454682,6843625,2017,1
2454682,2683022,2017,1
3757801,6843625,2017,1
2683022,3757801,2017,1
2683022,6843625,2017,1
3474495,5306981,2017,1
31112535,3474495,2017,1
143674561,3474495,2017,1
3474495,3948067,2017,1
3474495,49847317,2017,1
3474495,39401190,2017,1
3025102,3474495,2017,1
2943065,3474495,2017,1
31112535,5306981,2017,1
143674561,5306981,2017,2
3948067,5306981,2017,2
49847317,5306981,2017,1
39401190,5306981,2017,2
3025102,5306981,2017,1
2943065,5306981,2017,4
143674561,31112535,2017,1
31112535,3948067,2017,1
31112535,49847317,2017,1
31112535,39401190,2017,1
3025102,31112535,2017,1
2943065,31112535,2017,1
143674561,3948067,2017,1
143674561,49847317,2017,1
143674561,39401190,2017,1
143674561,3025102,2017,1
143674561,2943065,2017,3
3948067,49847317,2017,1
39401190,3948067,2017,2
3025102,3948067,2017,1
2943065,3948067,2017,2
39401190,49847317,2017,1
3025102,49847317,2017,1
2943065,49847317,2017,1
3025102,39401190,2017,1
2943065,39401190,2017,2
2943065,3025102,2017,1
1435431001,2531080,2017,1
1435431001,2186062,2017,1
1435431001,2943065,2017,1
2186062,2531080,2017,1
2531080,2943065,2017,1
2186062,2943065,2017,2
1401645842,144887941,2017,1
1401645842,143715014,2017,1
1401645842,2943065,2017,2
1401645842,143952546,2017,2
143715014,144887941,2017,1
144887941,2943065,2017,1
143952546,144887941,2017,1
143715014,2943065,2017,1
143715014,143952546,2017,1
143952546,2943065,2017,2
3229047,5306981,2017,1
2186062,5306981,2017,1
3229047,3948067,2017,1
2186062,3948067,2017,1
3229047,39401190,2017,1
2186062,39401190,2017,1
2186062,3229047,2017,1
2943065,3229047,2017,1
144817824,3135187,2017,1
144817824,5194395,2017,1
144817824,145972498,2017,1
144048760,144817824,2017,1
144817824,2943065,2017,1
144817824,1975714,2017,1
144817824,2064205147,2017,1
144817824,145782955,2017,1
144817824,1799151,2017,1
144817824,2903134,2017,1
144059425,144817824,2017,1
3135187,5194395,2017,1
145972498,3135187,2017,1
144048760,3135187,2017,1
2943065,3135187,2017,1
1975714,3135187,2017,1
2064205147,3135187,2017,1
145782955,3135187,2017,1
1799151,3135187,2017,1
2903134,3135187,2017,1
144059425,3135187,2017,1
145972498,5194395,2017,1
144048760,5194395,2017,1
2943065,5194395,2017,1
1975714,5194395,2017,1
2064205147,5194395,2017,1
145782955,5194395,2017,1
1799151,5194395,2017,1
2903134,5194395,2017,1
144059425,5194395,2017,1
144048760,145972498,2017,1
145972498,2943065,2017,1
145972498,1975714,2017,1
145972498,2064205147,2017,1
145782955,145972498,2017,1
145972498,1799151,2017,1
145972498,2903134,2017,1
144059425,145972498,2017,1
144048760,2943065,2017,1
144048760,1975714,2017,1
144048760,2064205147,2017,1
144048760,145782955,2017,1
144048760,1799151,2017,1
144048760,2903134,2017,1
144048760,144059425,2017,1
1975714,2943065,2017,1
2064205147,2943065,2017,1
145782955,2943065,2017,1
1799151,2943065,2017,1
2903134,2943065,2017,1
144059425,2943065,2017,1
1975714,2064205147,2017,1
145782955,1975714,2017,1
1799151,1975714,2017,1
1975714,2903134,2017,1
144059425,1975714,2017,1
145782955,2064205147,2017,1
1799151,2064205147,2017,1
2064205147,2903134,2017,1
144059425,2064205147,2017,1
145782955,1799151,2017,1
145782955,2903134,2017,1
144059425,145782955,2017,1
1799151,2903134,2017,1
144059425,1799151,2017,1
144059425,2903134,2017,1
2111173690,7800641,2017,1
2111173690,3918295,2017,1
1945102176,2111173690,2017,1
2111173690,3942601,2017,1
2111173690,3874961,2017,1
2111173690,4135007,2017,1
2111173690,3823772,2017,1
2111173690,5306981,2017,1
13513044,2111173690,2017,1
1904764,2111173690,2017,1
2111173690,2943065,2017,1
2111173690,2599501,2017,1
2111173690,2454444,2017,1
2111173690,2727369,2017,1
2111173690,4803057,2017,1
3918295,7800641,2017,1
1945102176,7800641,2017,1
3942601,7800641,2017,1
3874961,7800641,2017,1
4135007,7800641,2017,1
3823772,7800641,2017,1
5306981,7800641,2017,1
13513044,7800641,2017,1
1904764,7800641,2017,1
2943065,7800641,2017,1
2599501,7800641,2017,1
2454444,7800641,2017,1
2727369,7800641,2017,1
4803057,7800641,2017,1
1945102176,3918295,2017,1
3918295,3942601,2017,1
3874961,3918295,2017,1
3918295,4135007,2017,1
3823772,3918295,2017,1
3918295,5306981,2017,1
13513044,3918295,2017,1
1904764,3918295,2017,1
2943065,3918295,2017,1
2599501,3918295,2017,1
2454444,3918295,2017,1
2727369,3918295,2017,1
3918295,4803057,2017,1
1945102176,3942601,2017,1
1945102176,3874961,2017,1
1945102176,4135007,2017,1
1945102176,3823772,2017,1
1945102176,5306981,2017,1
13513044,1945102176,2017,1
1904764,1945102176,2017,1
1945102176,2943065,2017,1
1945102176,2599501,2017,1
1945102176,2454444,2017,1
1945102176,2727369,2017,1
1945102176,4803057,2017,1
3874961,3942601,2017,1
3942601,4135007,2017,1
3823772,3942601,2017,1
3942601,5306981,2017,1
13513044,3942601,2017,1
1904764,3942601,2017,1
2943065,3942601,2017,1
2599501,3942601,2017,1
2454444,3942601,2017,1
2727369,3942601,2017,1
3942601,4803057,2017,1
3874961,4135007,2017,1
3823772,3874961,2017,1
3874961,5306981,2017,1
13513044,3874961,2017,1
1904764,3874961,2017,1
2943065,3874961,2017,1
2599501,3874961,2017,1
2454444,3874961,2017,1
2727369,3874961,2017,1
3874961,4803057,2017,1
3823772,4135007,2017,1
4135007,5306981,2017,1
13513044,4135007,2017,1
1904764,4135007,2017,1
2943065,4135007,2017,1
2599501,4135007,2017,1
2454444,4135007,2017,1
2727369,4135007,2017,1
4135007,4803057,2017,1
3823772,5306981,2017,1
13513044,3823772,2017,1
1904764,3823772,2017,1
2943065,3823772,2017,1
2599501,3823772,2017,1
2454444,3823772,2017,1
2727369,3823772,2017,1
3823772,4803057,2017,1
13513044,5306981,2017,1
1904764,5306981,2017,1
2599501,5306981,2017,1
2454444,5306981,2017,1
2727369,5306981,2017,1
4803057,5306981,2017,1
13513044,1904764,2017,1
13513044,2943065,2017,1
13513044,2599501,2017,1
13513044,2454444,2017,1
13513044,2727369,2017,1
13513044,4803057,2017,1
1904764,2943065,2017,1
1904764,2599501,2017,1
1904764,2454444,2017,1
1904764,2727369,2017,1
1904764,4803057,2017,1
2599501,2943065,2017,1
2454444,2943065,2017,1
2727369,2943065,2017,1
2943065,4803057,2017,1
2454444,2599501,2017,1
2599501,2727369,2017,1
2599501,4803057,2017,1
2454444,2727369,2017,1
2454444,4803057,2017,1
2727369,4803057,2017,1
143674561,2683022,2017,1
144949131,2683022,2017,1
2355199,2683022,2017,1
2683022,51926916,2017,1
144949131,2943065,2017,1
2355199,2943065,2017,1
2943065,51926916,2017,1
143674561,144949131,2017,1
143674561,2355199,2017,1
143674561,51926916,2017,1
144949131,2355199,2017,1
144949131,51926916,2017,1
2355199,51926916,2017,1
143674561,2057418304,2017,1
143674561,51929509,2017,1
2057418304,5306981,2017,1
51929509,5306981,2017,1
2057418304,2943065,2017,1
2057418304,51929509,2017,1
2943065,51929509,2017,1
1401645842,2256728,2017,1
1401645842,5462679,2017,1
2256728,5462679,2017,1
2256728,2943065,2017,1
143952546,2256728,2017,1
2943065,5462679,2017,1
143952546,5462679,2017,1
2310860,49289047,2017,2
2660575,49289047,2017,2
2310860,2660575,2017,12
17845906,2310860,2017,2
17845906,2660575,2017,2
2293193,2310860,2017,6
2293193,3096649,2017,6
2293193,2459453,2017,6
2293193,2660575,2017,6
2310860,3096649,2017,6
2310860,2459453,2017,6
2459453,3096649,2017,6
2660575,3096649,2017,6
2459453,2660575,2017,6
2079292361,2310860,2017,2
2079292361,2660575,2017,2
2189170,3391180,2017,2
2350947,3391180,2017,5
2189170,2350947,2017,2
1414420295,3391180,2017,1
1414420295,2350947,2017,1
3378428,3391180,2017,2
3378428,34672651,2017,1
2350947,3378428,2017,2
3391180,34672651,2017,1
2350947,34672651,2017,1
3391180,51953263,2017,1
2350947,51953263,2017,1
2189170,51953263,2017,1
3378428,48456630,2017,1
3378428,47945221,2017,1
2489809,3378428,2017,1
143800181,3378428,2017,1
3391180,48456630,2017,1
3391180,47945221,2017,1
2489809,3391180,2017,1
143800181,3391180,2017,1
47945221,48456630,2017,1
2489809,48456630,2017,1
143800181,48456630,2017,1
2350947,48456630,2017,1
2489809,47945221,2017,1
143800181,47945221,2017,1
2350947,47945221,2017,1
143800181,2489809,2017,1
2350947,2489809,2017,1
143800181,2350947,2017,1
144549263,32725984,2017,2
144549263,29113221,2017,2
29113221,33214090,2017,3
33214090,90917078,2017,3
32725984,33214090,2017,3
29113221,90917078,2017,3
32725984,90917078,2017,3
107862611,97865049,2017,1
82546839,97865049,2017,1
107862611,87298917,2017,1
82546839,87298917,2017,1
107862611,29113221,2017,1
107862611,34228632,2017,1
107862611,82546839,2017,1
107862611,32725984,2017,1
29113221,82546839,2017,1
34228632,82546839,2017,1
32725984,82546839,2017,1
38615715,98454679,2017,1
4168564,98454679,2017,1
3879996,98454679,2017,1
1794957,98454679,2017,1
4544042,98454679,2017,1
3172681,98454679,2017,1
29113221,98454679,2017,1
38615715,4168564,2017,1
38615715,3879996,2017,1
1794957,38615715,2017,1
38615715,4544042,2017,1
3172681,38615715,2017,1
29113221,38615715,2017,1
3879996,4168564,2017,1
1794957,4168564,2017,1
4168564,4544042,2017,1
3172681,4168564,2017,1
29113221,4168564,2017,1
1794957,3879996,2017,1
3879996,4544042,2017,1
3172681,3879996,2017,1
29113221,3879996,2017,1
1794957,4544042,2017,1
1794957,3172681,2017,1
1794957,29113221,2017,3
3172681,4544042,2017,1
29113221,4544042,2017,1
29113221,3172681,2017,1
104958474,152567083,2017,1
104958474,29113221,2017,1
103910822,104958474,2017,1
10116787,104958474,2017,1
152567083,29113221,2017,1
103910822,152567083,2017,1
10116787,152567083,2017,1
103910822,29113221,2017,1
10116787,29113221,2017,1
10116787,103910822,2017,1
33214090,34228632,2017,1
144549263,33214090,2017,1
33214090,47372745,2017,1
32725984,47372745,2017,1
29113221,47372745,2017,1
34228632,90917078,2017,1
144549263,90917078,2017,1
47372745,90917078,2017,1
144549263,34228632,2017,1
34228632,47372745,2017,1
144549263,47372745,2017,1
11751685,29113221,2017,1
11751685,121983727,2017,1
11751685,1794957,2017,1
121983727,29113221,2017,1
121983727,1794957,2017,1
29113221,46257803,2017,1
1794957,46257803,2017,1
32725984,46257803,2017,1
1794957,32725984,2017,1
152170966,152284226,2017,1
152284226,34420092,2017,1
152284226,29113221,2017,1
152170966,34420092,2017,1
152170966,29113221,2017,1
29113221,34420092,2017,1
29113221,32567877,2017,1
2310860,48405319,2017,3
2229958,2310860,2017,2
13568600,2229958,2017,4
13568600,2310860,2017,2
20908326,4444363,2017,3
20908326,51372522,2017,2
20908326,48926778,2017,1
144278875,20908326,2017,2
20908326,87245713,2017,2
4444363,51372522,2017,2
4444363,48926778,2017,1
144278875,4444363,2017,2
4444363,87245713,2017,2
48926778,51372522,2017,1
144278875,51372522,2017,2
51372522,87245713,2017,2
144278875,48926778,2017,1
48926778,87245713,2017,1
144278875,87245713,2017,2
4444363,50819480,2017,1
152581957,4444363,2017,1
4444363,48531742,2017,1
145237832,4444363,2017,1
4444363,5229526,2017,1
2055864705,4444363,2017,1
4444363,46445512,2017,1
37479650,4444363,2017,1
145237832,48531742,2017,1
48531742,5229526,2017,1
2055864705,48531742,2017,1
46445512,48531742,2017,1
37479650,48531742,2017,1
145237832,5229526,2017,1
145237832,2055864705,2017,1
145237832,46445512,2017,1
145237832,37479650,2017,1
2055864705,5229526,2017,1
46445512,5229526,2017,1
37479650,5229526,2017,1
2055864705,46445512,2017,1
2055864705,37479650,2017,1
37479650,46445512,2017,1
20908326,47895235,2017,1
1388899846,20908326,2017,1
2076685295,20908326,2017,1
20908326,8674484,2017,1
1596666531,20908326,2017,1
144421086,20908326,2017,1
121365059,20908326,2017,1
20908326,87786187,2017,1
20908326,4045249,2017,1
20908326,4550939,2017,1
20908326,6387468,2017,1
20908326,50821913,2017,1
20908326,2098099691,2017,1
4444363,47895235,2017,1
1388899846,4444363,2017,1
2076685295,4444363,2017,1
4444363,8674484,2017,1
1596666531,4444363,2017,1
144421086,4444363,2017,1
121365059,4444363,2017,1
4444363,87786187,2017,1
4045249,4444363,2017,1
4444363,4550939,2017,1
4444363,6387468,2017,1
4444363,50821913,2017,1
2098099691,4444363,2017,1
47895235,51372522,2017,1
1388899846,51372522,2017,1
2076685295,51372522,2017,1
51372522,8674484,2017,1
1596666531,51372522,2017,1
144421086,51372522,2017,1
121365059,51372522,2017,1
51372522,87786187,2017,1
4045249,51372522,2017,1
4550939,51372522,2017,1
51372522,6387468,2017,1
50821913,51372522,2017,1
2098099691,51372522,2017,1
1388899846,47895235,2017,1
2076685295,47895235,2017,1
47895235,8674484,2017,1
1596666531,47895235,2017,1
144421086,47895235,2017,1
121365059,47895235,2017,1
47895235,87786187,2017,1
4045249,47895235,2017,1
4550939,47895235,2017,1
47895235,6387468,2017,1
47895235,50821913,2017,1
144278875,47895235,2017,1
2098099691,47895235,2017,1
47895235,87245713,2017,1
1388899846,2076685295,2017,1
1388899846,8674484,2017,1
1388899846,1596666531,2017,1
1388899846,144421086,2017,1
121365059,1388899846,2017,1
1388899846,87786187,2017,1
1388899846,4045249,2017,1
1388899846,4550939,2017,1
1388899846,6387468,2017,1
1388899846,50821913,2017,1
1388899846,144278875,2017,1
1388899846,2098099691,2017,1
1388899846,87245713,2017,1
2076685295,8674484,2017,1
1596666531,2076685295,2017,1
144421086,2076685295,2017,1
121365059,2076685295,2017,1
2076685295,87786187,2017,1
2076685295,4045249,2017,1
2076685295,4550939,2017,1
2076685295,6387468,2017,1
2076685295,50821913,2017,1
144278875,2076685295,2017,1
2076685295,2098099691,2017,1
2076685295,87245713,2017,1
1596666531,8674484,2017,1
144421086,8674484,2017,1
121365059,8674484,2017,1
8674484,87786187,2017,1
4045249,8674484,2017,1
4550939,8674484,2017,1
6387468,8674484,2017,1
50821913,8674484,2017,1
144278875,8674484,2017,1
2098099691,8674484,2017,1
8674484,87245713,2017,1
144421086,1596666531,2017,1
121365059,1596666531,2017,1
1596666531,87786187,2017,1
1596666531,4045249,2017,1
1596666531,4550939,2017,1
1596666531,6387468,2017,1
1596666531,50821913,2017,1
144278875,1596666531,2017,1
1596666531,2098099691,2017,1
1596666531,87245713,2017,1
121365059,144421086,2017,1
144421086,87786187,2017,1
144421086,4045249,2017,1
144421086,4550939,2017,1
144421086,6387468,2017,1
144421086,50821913,2017,1
144278875,144421086,2017,1
144421086,2098099691,2017,1
144421086,87245713,2017,1
121365059,87786187,2017,1
121365059,4045249,2017,1
121365059,4550939,2017,1
121365059,6387468,2017,1
121365059,50821913,2017,1
121365059,144278875,2017,1
121365059,2098099691,2017,1
121365059,87245713,2017,1
4045249,87786187,2017,1
4550939,87786187,2017,1
6387468,87786187,2017,1
50821913,87786187,2017,1
144278875,87786187,2017,1
2098099691,87786187,2017,1
87245713,87786187,2017,1
4045249,4550939,2017,1
4045249,6387468,2017,1
4045249,50821913,2017,1
144278875,4045249,2017,1
2098099691,4045249,2017,1
4045249,87245713,2017,1
4550939,6387468,2017,1
4550939,50821913,2017,1
144278875,4550939,2017,1
2098099691,4550939,2017,1
4550939,87245713,2017,1
50821913,6387468,2017,1
144278875,6387468,2017,1
2098099691,6387468,2017,1
6387468,87245713,2017,1
144278875,50821913,2017,1
2098099691,50821913,2017,1
50821913,87245713,2017,1
144278875,2098099691,2017,1
2098099691,87245713,2017,1
2060616392,4444363,2017,1
2060616392,20908326,2017,1
1404501990,145046057,2017,1
145046057,2054704791,2017,1
1431307859,145046057,2017,1
145046057,49104509,2017,1
145046057,1767879,2017,1
145046057,34946350,2017,1
1404501990,2054704791,2017,1
1404501990,1431307859,2017,1
1404501990,49104509,2017,1
1404501990,1767879,2017,1
1404501990,34946350,2017,1
1431307859,2054704791,2017,1
2054704791,49104509,2017,1
1767879,2054704791,2017,1
2054704791,34946350,2017,1
1431307859,49104509,2017,1
1431307859,1767879,2017,1
1431307859,34946350,2017,1
1767879,49104509,2017,1
34946350,49104509,2017,1
1767879,34946350,2017,1
1402540811,145046057,2017,2
1402540811,4365434,2017,1
1402540811,6540025,2017,1
1402540811,1831766,2017,2
145046057,4365434,2017,1
145046057,6540025,2017,1
145046057,1831766,2017,2
4365434,6540025,2017,1
1831766,4365434,2017,1
1831766,6540025,2017,1
1402540811,2770002,2017,1
1402540811,4786216,2017,1
1402540811,3769236,2017,1
1402540811,5687182,2017,1
1402540811,7393790,2017,1
1402540811,5865916,2017,1
1402540811,38239510,2017,1
1402540811,48388374,2017,1
145046057,2770002,2017,1
145046057,4786216,2017,1
145046057,3769236,2017,1
145046057,5687182,2017,1
145046057,7393790,2017,1
145046057,5865916,2017,1
145046057,38239510,2017,1
145046057,48388374,2017,1
2770002,4786216,2017,1
2770002,3769236,2017,1
2770002,5687182,2017,1
2770002,7393790,2017,1
2770002,5865916,2017,1
2770002,38239510,2017,1
2770002,48388374,2017,1
1831766,2770002,2017,1
3769236,4786216,2017,1
4786216,5687182,2017,1
4786216,7393790,2017,1
4786216,5865916,2017,1
38239510,4786216,2017,1
4786216,48388374,2017,1
1831766,4786216,2017,1
3769236,5687182,2017,1
3769236,7393790,2017,1
3769236,5865916,2017,1
3769236,38239510,2017,1
3769236,48388374,2017,1
1831766,3769236,2017,1
5687182,7393790,2017,1
5687182,5865916,2017,1
38239510,5687182,2017,1
48388374,5687182,2017,1
1831766,5687182,2017,1
5865916,7393790,2017,1
38239510,7393790,2017,1
48388374,7393790,2017,1
1831766,7393790,2017,1
38239510,5865916,2017,1
48388374,5865916,2017,1
1831766,5865916,2017,1
38239510,48388374,2017,1
1831766,38239510,2017,1
1831766,48388374,2017,1
38746727,47804429,2017,1
2064639688,38746727,2017,1
145046057,38746727,2017,1
2289108,38746727,2017,1
2064639688,47804429,2017,1
145046057,47804429,2017,1
2289108,47804429,2017,1
145046057,2064639688,2017,1
2064639688,2289108,2017,1
145046057,2289108,2017,1
39016210,9534405,2017,1
4486723,9534405,2017,1
1400952802,9534405,2017,1
49707911,9534405,2017,1
145046057,9534405,2017,1
39016210,4486723,2017,1
1400952802,39016210,2017,1
39016210,49707911,2017,1
145046057,39016210,2017,2
1400952802,4486723,2017,1
4486723,49707911,2017,1
145046057,4486723,2017,1
1400952802,49707911,2017,1
1400952802,145046057,2017,1
145046057,49707911,2017,2
145046057,79805803,2017,1
49707911,79805803,2017,1
145046057,19483036,2017,1
19483036,39016210,2017,1
1718184,2675651,2017,2
1411202386,1718184,2017,2
1718184,46298112,2017,2
1718184,1978742,2017,2
118400138,1718184,2017,2
1411202386,2675651,2017,2
2675651,46298112,2017,2
1978742,2675651,2017,2
118400138,2675651,2017,2
1411202386,46298112,2017,2
1411202386,1978742,2017,2
118400138,1411202386,2017,2
1978742,46298112,2017,2
118400138,1978742,2017,2
2449352,3363956,2017,2
2115806792,47592009,2017,1
144409228,2115806792,2017,1
2115806792,31415083,2017,1
2115806792,50610127,2017,1
2115806792,33136027,2017,1
2115806792,2511827,2017,1
2115806792,2449352,2017,1
2115806792,34946350,2017,1
144409228,47592009,2017,1
31415083,47592009,2017,1
47592009,50610127,2017,1
33136027,47592009,2017,1
2511827,47592009,2017,1
2449352,47592009,2017,1
34946350,47592009,2017,1
144409228,31415083,2017,1
144409228,50610127,2017,1
144409228,33136027,2017,1
144409228,2511827,2017,1
144409228,2449352,2017,1
144409228,34946350,2017,1
31415083,50610127,2017,1
31415083,33136027,2017,1
2511827,31415083,2017,1
2449352,31415083,2017,1
31415083,34946350,2017,1
33136027,50610127,2017,1
2511827,50610127,2017,1
2449352,50610127,2017,1
34946350,50610127,2017,1
2511827,33136027,2017,1
2449352,33136027,2017,1
33136027,34946350,2017,1
2449352,2511827,2017,1
2511827,34946350,2017,1
2449352,34946350,2017,1
1807666,2800259,2017,10
1393690555,1807666,2017,2
1807666,7373730,2017,10
1736793,1807666,2017,6
1393690555,2800259,2017,2
2800259,7373730,2017,14
1736793,2800259,2017,6
1393690555,7373730,2017,2
1393690555,1736793,2017,2
1736793,7373730,2017,6
1807666,2724937,2017,2
2724937,2800259,2017,2
2724937,7373730,2017,2
1736793,2724937,2017,2
3450084,38483558,2017,2
1807666,3450084,2017,6
3450084,3469096,2017,2
2800259,3450084,2017,8
3450084,7373730,2017,8
1807666,38483558,2017,2
3469096,38483558,2017,4
2800259,38483558,2017,2
38483558,7373730,2017,4
1807666,3469096,2017,2
2800259,3469096,2017,2
3469096,7373730,2017,5
1736793,3450084,2017,2
2800259,2988125,2017,2
1747909,2800259,2017,2
2988125,7373730,2017,2
1747909,7373730,2017,2
1747909,2988125,2017,2
2295961,2504446,2017,2
2295961,2307982,2017,2
1387936232,2295961,2017,3
2307982,2504446,2017,2
1387936232,2504446,2017,2
1387936232,2307982,2017,2
1387936232,2415125,2017,1
2295961,2415125,2017,1
2305280,9822439,2017,1
3096649,9822439,2017,1
2305280,3096649,2017,1
2072855893,40521066,2017,1
2083569,40521066,2017,1
2477283,40521066,2017,1
40521066,7373730,2017,1
2110117153,40521066,2017,1
2072855893,2083569,2017,1
2072855893,2477283,2017,1
2072855893,7373730,2017,1
2072855893,2110117153,2017,1
2083569,2477283,2017,1
2083569,7373730,2017,1
2083569,2110117153,2017,1
2477283,7373730,2017,1
2110117153,2477283,2017,1
2110117153,7373730,2017,1
32077556,3262773,2017,1
3262773,7373730,2017,1
32077556,7373730,2017,1
2724834,8897266,2017,1
2724834,92332427,2017,1
2724834,7373730,2017,1
145649992,2724834,2017,1
8897266,92332427,2017,1
7373730,8897266,2017,1
145649992,8897266,2017,1
7373730,92332427,2017,1
145649992,92332427,2017,1
145649992,7373730,2017,1
1966140,7373730,2017,2
1966140,2229958,2017,2
1966140,2011787,2017,2
2229958,7373730,2017,2
2011787,7373730,2017,2
2011787,2229958,2017,2
2056341535,7373730,2017,1
49172955,51092804,2017,2
2078654343,49172955,2017,1
1405525317,2078654343,2017,1
1405525317,49172955,2017,1
145056611,32295259,2017,1
2229958,32295259,2017,1
145056611,2229958,2017,1
2229958,4095578,2017,2
13568600,4095578,2017,1
1945992,2074046771,2017,2
2011787,2074046771,2017,2
2074046771,34228632,2017,2
1945992,2011787,2017,3
1945992,34228632,2017,3
2011787,34228632,2017,3
16171776,2074046771,2017,1
16171776,1945992,2017,1
16171776,2011787,2017,1
16171776,34228632,2017,1
