2005940061,6585130,2020,1
2005940061,46666242,2020,1
104448369,2005940061,2020,1
2005940061,27397386,2020,1
2005940061,50526493,2020,1
2004305595,2005940061,2020,1
144818427,2005940061,2020,1
1409432424,2005940061,2020,1
46666242,6585130,2020,1
104448369,6585130,2020,1
27397386,6585130,2020,1
50526493,6585130,2020,1
2004305595,6585130,2020,1
144818427,6585130,2020,1
1409432424,6585130,2020,1
104448369,46666242,2020,1
27397386,46666242,2020,1
46666242,50526493,2020,1
2004305595,46666242,2020,1
144818427,46666242,2020,1
1409432424,46666242,2020,1
104448369,27397386,2020,1
104448369,50526493,2020,1
104448369,2004305595,2020,1
104448369,144818427,2020,1
104448369,1409432424,2020,1
27397386,50526493,2020,1
2004305595,27397386,2020,1
144818427,27397386,2020,1
1409432424,27397386,2020,1
2004305595,50526493,2020,1
144818427,50526493,2020,1
1409432424,50526493,2020,1
144818427,2004305595,2020,1
1409432424,2004305595,2020,1
1409432424,144818427,2020,1
103983452,40581461,2020,1
145079022,40581461,2020,1
40581461,89877605,2020,1
117818460,40581461,2020,1
40581461,4232888,2020,1
36043040,40581461,2020,1
1409432424,40581461,2020,1
103983452,145079022,2020,1
103983452,89877605,2020,1
103983452,117818460,2020,1
103983452,4232888,2020,1
103983452,36043040,2020,1
103983452,1409432424,2020,1
145079022,89877605,2020,1
117818460,145079022,2020,1
145079022,4232888,2020,1
145079022,36043040,2020,1
1409432424,145079022,2020,1
117818460,89877605,2020,1
4232888,89877605,2020,1
36043040,89877605,2020,1
1409432424,89877605,2020,1
117818460,4232888,2020,1
117818460,36043040,2020,1
117818460,1409432424,2020,1
36043040,4232888,2020,1
1409432424,4232888,2020,1
1409432424,36043040,2020,1
3964735,48609026,2020,1
1937560,3964735,2020,1
3964735,50529116,2020,1
3964735,7788018,2020,1
1409432424,3964735,2020,1
3964735,50712910,2020,1
15278138,3964735,2020,1
1937560,48609026,2020,1
48609026,50529116,2020,1
48609026,7788018,2020,1
1409432424,48609026,2020,1
48609026,50712910,2020,1
15278138,48609026,2020,1
1937560,50529116,2020,1
1937560,7788018,2020,1
1409432424,1937560,2020,1
1937560,50712910,2020,1
15278138,1937560,2020,1
50529116,7788018,2020,1
1409432424,50529116,2020,1
50529116,50712910,2020,1
15278138,50529116,2020,1
1409432424,7788018,2020,1
50712910,7788018,2020,1
15278138,7788018,2020,1
1409432424,50712910,2020,1
1409432424,15278138,2020,1
15278138,50712910,2020,1
2149607497,2660575,2020,5
1409432424,2149607497,2020,3
2149607497,4463764,2020,3
2149607497,2310860,2020,5
1409432424,2660575,2020,3
2660575,4463764,2020,3
2310860,2660575,2020,37
1409432424,4463764,2020,3
1409432424,2310860,2020,3
2310860,4463764,2020,3
145334595,2232853,2020,1
145334595,2097232,2020,1
2097232,2232853,2020,1
1644277699,2232853,2020,2
1387936232,1644277699,2020,2
1387936232,2232853,2020,6
35169961,49017964,2020,4
2232853,49017964,2020,5
1387936232,49017964,2020,4
2611075,49017964,2020,4
2232853,35169961,2020,4
1387936232,35169961,2020,4
2611075,35169961,2020,4
2232853,2611075,2020,4
1387936232,2611075,2020,4
1387936229,39777698,2020,1
2232853,39777698,2020,2
1387936229,2232853,2020,1
2332167,50139333,2020,2
22186618,2332167,2020,2
1795135,2332167,2020,2
153069218,2332167,2020,2
2332167,46298112,2020,2
2232853,2332167,2020,2
118400138,2332167,2020,2
22186618,50139333,2020,2
1795135,50139333,2020,2
153069218,50139333,2020,2
46298112,50139333,2020,2
2232853,50139333,2020,2
118400138,50139333,2020,2
1795135,22186618,2020,2
153069218,22186618,2020,2
22186618,46298112,2020,2
22186618,2232853,2020,2
118400138,22186618,2020,2
153069218,1795135,2020,2
1795135,46298112,2020,2
1795135,2232853,2020,2
118400138,1795135,2020,2
153069218,46298112,2020,2
153069218,2232853,2020,2
118400138,153069218,2020,2
2232853,46298112,2020,2
118400138,46298112,2020,2
118400138,2232853,2020,3
2101664,2232853,2020,1
118400138,2101664,2020,1
31577761,48981140,2020,1
144438218,48981140,2020,1
2232853,48981140,2020,1
2061467738,48981140,2020,1
48981140,49017964,2020,1
48981140,6103242,2020,1
40405682,48981140,2020,1
144438218,31577761,2020,1
2232853,31577761,2020,1
2061467738,31577761,2020,1
31577761,49017964,2020,1
31577761,6103242,2020,1
31577761,40405682,2020,1
144438218,2232853,2020,1
144438218,2061467738,2020,1
144438218,49017964,2020,1
144438218,6103242,2020,1
144438218,40405682,2020,1
2061467738,2232853,2020,1
2232853,6103242,2020,1
2232853,40405682,2020,1
2061467738,49017964,2020,1
2061467738,6103242,2020,1
2061467738,40405682,2020,1
49017964,6103242,2020,1
40405682,49017964,2020,1
40405682,6103242,2020,1
152618356,2232853,2020,1
152618356,39777698,2020,1
115277605,1768830382,2020,3
115277605,40772445,2020,1
115277605,32281113,2020,4
115277605,2797207,2020,5
115277605,2943065,2020,5
1768830382,40772445,2020,1
1768830382,32281113,2020,3
1768830382,2797207,2020,3
1768830382,2943065,2020,3
32281113,40772445,2020,1
2797207,40772445,2020,1
2943065,40772445,2020,2
2797207,32281113,2020,4
2943065,32281113,2020,5
2797207,2943065,2020,6
1895071,2131952,2020,1
1895071,1932550,2020,1
1710169,1895071,2020,1
1895071,6884637,2020,1
1895071,2175749,2020,1
1895071,2383633,2020,1
1895071,2607587,2020,1
1895071,2943065,2020,1
1895071,46384297,2020,1
1895071,50665590,2020,1
1895071,1965095,2020,1
1895071,2451948,2020,1
1398398803,1895071,2020,1
1895071,2700120,2020,1
1398414004,1895071,2020,1
1895071,2328876,2020,1
1895071,2739251,2020,1
1895071,2248997,2020,1
1932550,2131952,2020,2
1710169,2131952,2020,1
2131952,6884637,2020,2
2131952,2175749,2020,2
2131952,2383633,2020,2
2131952,2607587,2020,2
2131952,2943065,2020,2
2131952,46384297,2020,2
2131952,50665590,2020,2
1965095,2131952,2020,2
2131952,2451948,2020,2
1398398803,2131952,2020,1
2131952,2700120,2020,2
1398414004,2131952,2020,2
2131952,2328876,2020,1
2131952,2739251,2020,1
2131952,2248997,2020,1
1710169,1932550,2020,1
1932550,6884637,2020,2
1932550,2175749,2020,2
1932550,2383633,2020,2
1932550,2607587,2020,2
1932550,2943065,2020,2
1932550,46384297,2020,2
1932550,50665590,2020,2
1932550,1965095,2020,2
1932550,2451948,2020,2
1398398803,1932550,2020,1
1932550,2700120,2020,2
1398414004,1932550,2020,2
1932550,2328876,2020,1
1932550,2739251,2020,1
1932550,2248997,2020,1
1710169,6884637,2020,1
1710169,2175749,2020,1
1710169,2383633,2020,1
1710169,2607587,2020,1
1710169,2943065,2020,1
1710169,46384297,2020,1
1710169,50665590,2020,1
1710169,1965095,2020,1
1710169,2451948,2020,1
1398398803,1710169,2020,1
1710169,2700120,2020,1
1398414004,1710169,2020,1
1710169,2328876,2020,1
1710169,2739251,2020,1
1710169,2248997,2020,1
2175749,6884637,2020,2
2383633,6884637,2020,2
2607587,6884637,2020,2
2943065,6884637,2020,2
46384297,6884637,2020,2
50665590,6884637,2020,2
1965095,6884637,2020,2
2451948,6884637,2020,2
1398398803,6884637,2020,1
2700120,6884637,2020,2
1398414004,6884637,2020,2
2328876,6884637,2020,1
2739251,6884637,2020,1
2248997,6884637,2020,1
2175749,2383633,2020,2
2175749,2607587,2020,2
2175749,2943065,2020,2
2175749,46384297,2020,2
2175749,50665590,2020,2
1965095,2175749,2020,2
2175749,2451948,2020,2
1398398803,2175749,2020,1
2175749,2700120,2020,2
1398414004,2175749,2020,2
2175749,2328876,2020,1
2175749,2739251,2020,1
2175749,2248997,2020,1
2383633,2607587,2020,2
2383633,2943065,2020,2
2383633,46384297,2020,2
2383633,50665590,2020,2
1965095,2383633,2020,2
2383633,2451948,2020,2
1398398803,2383633,2020,1
2383633,2700120,2020,2
1398414004,2383633,2020,2
2328876,2383633,2020,1
2383633,2739251,2020,1
2248997,2383633,2020,1
2607587,2943065,2020,2
2607587,46384297,2020,2
2607587,50665590,2020,2
1965095,2607587,2020,2
2451948,2607587,2020,2
1398398803,2607587,2020,1
2607587,2700120,2020,2
1398414004,2607587,2020,2
2328876,2607587,2020,1
2607587,2739251,2020,1
2248997,2607587,2020,1
2943065,46384297,2020,2
2943065,50665590,2020,2
1965095,2943065,2020,2
2451948,2943065,2020,2
1398398803,2943065,2020,1
2700120,2943065,2020,2
1398414004,2943065,2020,2
2328876,2943065,2020,1
2739251,2943065,2020,1
2248997,2943065,2020,1
46384297,50665590,2020,2
1965095,46384297,2020,2
2451948,46384297,2020,2
1398398803,46384297,2020,1
2700120,46384297,2020,2
1398414004,46384297,2020,2
2328876,46384297,2020,1
2739251,46384297,2020,1
2248997,46384297,2020,1
1965095,50665590,2020,2
2451948,50665590,2020,2
1398398803,50665590,2020,1
2700120,50665590,2020,2
1398414004,50665590,2020,2
2328876,50665590,2020,1
2739251,50665590,2020,1
2248997,50665590,2020,1
1965095,2451948,2020,2
1398398803,1965095,2020,1
1965095,2700120,2020,2
1398414004,1965095,2020,2
1965095,2328876,2020,1
1965095,2739251,2020,1
1965095,2248997,2020,1
1398398803,2451948,2020,1
2451948,2700120,2020,2
1398414004,2451948,2020,2
2328876,2451948,2020,1
2451948,2739251,2020,1
2248997,2451948,2020,1
1398398803,2700120,2020,1
1398398803,1398414004,2020,1
1398398803,2328876,2020,1
1398398803,2739251,2020,1
1398398803,2248997,2020,1
1398414004,2700120,2020,2
2328876,2700120,2020,1
2700120,2739251,2020,1
2248997,2700120,2020,1
1398414004,2328876,2020,1
1398414004,2739251,2020,1
1398414004,2248997,2020,1
2328876,2739251,2020,1
2248997,2328876,2020,1
2248997,2739251,2020,1
2186062,32281113,2020,4
2186062,2277354,2020,3
2186062,2943065,2020,6
2186062,5278110,2020,1
2186062,49117973,2020,1
2186062,2478230,2020,1
2277354,32281113,2020,3
32281113,5278110,2020,1
32281113,49117973,2020,1
2478230,32281113,2020,1
2277354,2943065,2020,5
2277354,5278110,2020,1
2277354,49117973,2020,3
2277354,2478230,2020,1
2943065,5278110,2020,1
2943065,49117973,2020,3
2478230,2943065,2020,1
49117973,5278110,2020,1
2478230,5278110,2020,1
2478230,49117973,2020,1
25141582,47748781,2020,1
40772445,47748781,2020,1
47748781,5306981,2020,1
2943065,47748781,2020,1
37970481,47748781,2020,1
3127422,47748781,2020,1
143619169,47748781,2020,1
32637368,47748781,2020,1
25141582,40772445,2020,1
25141582,5306981,2020,1
25141582,2943065,2020,1
25141582,37970481,2020,1
25141582,3127422,2020,1
143619169,25141582,2020,1
25141582,32637368,2020,1
40772445,5306981,2020,1
37970481,40772445,2020,1
3127422,40772445,2020,1
143619169,40772445,2020,1
32637368,40772445,2020,1
2943065,5306981,2020,5
37970481,5306981,2020,1
3127422,5306981,2020,1
143619169,5306981,2020,1
32637368,5306981,2020,1
2943065,37970481,2020,1
2943065,3127422,2020,2
143619169,2943065,2020,1
2943065,32637368,2020,1
3127422,37970481,2020,1
143619169,37970481,2020,1
32637368,37970481,2020,1
143619169,3127422,2020,1
3127422,32637368,2020,1
143619169,32637368,2020,1
38657344,7873083,2020,1
1820850,7873083,2020,1
2131952,7873083,2020,1
1933593,7873083,2020,1
1932550,7873083,2020,1
6884637,7873083,2020,1
2175749,7873083,2020,1
2383633,7873083,2020,1
2607587,7873083,2020,1
2943065,7873083,2020,1
46384297,7873083,2020,1
50665590,7873083,2020,1
1965095,7873083,2020,1
2451948,7873083,2020,1
2164346,7873083,2020,1
2700120,7873083,2020,1
1398414004,7873083,2020,1
4937155,7873083,2020,1
1820850,38657344,2020,1
2131952,38657344,2020,1
1933593,38657344,2020,1
1932550,38657344,2020,1
38657344,6884637,2020,1
2175749,38657344,2020,1
2383633,38657344,2020,1
2607587,38657344,2020,1
2943065,38657344,2020,1
38657344,46384297,2020,1
38657344,50665590,2020,1
1965095,38657344,2020,1
2451948,38657344,2020,1
2164346,38657344,2020,1
2700120,38657344,2020,1
1398414004,38657344,2020,1
38657344,4937155,2020,1
1820850,2131952,2020,1
1820850,1933593,2020,1
1820850,1932550,2020,1
1820850,6884637,2020,1
1820850,2175749,2020,1
1820850,2383633,2020,1
1820850,2607587,2020,1
1820850,2943065,2020,1
1820850,46384297,2020,1
1820850,50665590,2020,1
1820850,1965095,2020,1
1820850,2451948,2020,1
1820850,2164346,2020,1
1820850,2700120,2020,1
1398414004,1820850,2020,1
1820850,4937155,2020,1
1933593,2131952,2020,1
2131952,2164346,2020,1
2131952,4937155,2020,1
1932550,1933593,2020,1
1933593,6884637,2020,1
1933593,2175749,2020,1
1933593,2383633,2020,1
1933593,2607587,2020,1
1933593,2943065,2020,1
1933593,46384297,2020,1
1933593,50665590,2020,1
1933593,1965095,2020,1
1933593,2451948,2020,1
1933593,2164346,2020,1
1933593,2700120,2020,1
1398414004,1933593,2020,1
1933593,4937155,2020,1
1932550,2164346,2020,1
1932550,4937155,2020,1
2164346,6884637,2020,1
4937155,6884637,2020,1
2164346,2175749,2020,1
2175749,4937155,2020,1
2164346,2383633,2020,1
2383633,4937155,2020,1
2164346,2607587,2020,1
2607587,4937155,2020,1
2164346,2943065,2020,1
2943065,4937155,2020,1
2164346,46384297,2020,1
46384297,4937155,2020,1
2164346,50665590,2020,1
4937155,50665590,2020,1
1965095,2164346,2020,1
1965095,4937155,2020,1
2164346,2451948,2020,1
2451948,4937155,2020,1
2164346,2700120,2020,1
1398414004,2164346,2020,1
2164346,4937155,2020,1
2700120,4937155,2020,1
1398414004,4937155,2020,1
143674561,40376566,2020,1
2132556,40376566,2020,1
2086297,40376566,2020,1
40376566,46651298,2020,1
145709900,40376566,2020,1
3411113,40376566,2020,1
38578297,40376566,2020,1
2836748,40376566,2020,1
2605579,40376566,2020,1
145363225,40376566,2020,1
2683022,40376566,2020,1
2943065,40376566,2020,1
1401774599,40376566,2020,1
38870103,40376566,2020,1
143674561,2132556,2020,1
143674561,2086297,2020,1
143674561,46651298,2020,1
143674561,145709900,2020,1
143674561,3411113,2020,1
143674561,38578297,2020,1
143674561,2836748,2020,1
143674561,2605579,2020,1
143674561,145363225,2020,1
143674561,2683022,2020,1
143674561,2943065,2020,1
1401774599,143674561,2020,1
143674561,38870103,2020,1
2086297,2132556,2020,1
2132556,46651298,2020,1
145709900,2132556,2020,1
2132556,3411113,2020,1
2132556,38578297,2020,1
2132556,2836748,2020,1
2132556,2605579,2020,1
145363225,2132556,2020,1
2132556,2683022,2020,1
2132556,2943065,2020,1
1401774599,2132556,2020,1
2132556,38870103,2020,1
2086297,46651298,2020,1
145709900,2086297,2020,1
2086297,3411113,2020,1
2086297,38578297,2020,1
2086297,2836748,2020,1
2086297,2605579,2020,1
145363225,2086297,2020,1
2086297,2683022,2020,1
2086297,2943065,2020,1
1401774599,2086297,2020,1
2086297,38870103,2020,1
145709900,46651298,2020,1
3411113,46651298,2020,1
38578297,46651298,2020,1
2836748,46651298,2020,1
2605579,46651298,2020,1
145363225,46651298,2020,1
2683022,46651298,2020,1
2943065,46651298,2020,1
1401774599,46651298,2020,1
38870103,46651298,2020,1
145709900,3411113,2020,1
145709900,38578297,2020,1
145709900,2836748,2020,1
145709900,2605579,2020,1
145363225,145709900,2020,1
145709900,2683022,2020,1
145709900,2943065,2020,1
1401774599,145709900,2020,1
145709900,38870103,2020,1
3411113,38578297,2020,1
2836748,3411113,2020,1
2605579,3411113,2020,1
145363225,3411113,2020,1
2683022,3411113,2020,1
2943065,3411113,2020,1
1401774599,3411113,2020,1
3411113,38870103,2020,1
2836748,38578297,2020,1
2605579,38578297,2020,1
145363225,38578297,2020,1
2683022,38578297,2020,1
2943065,38578297,2020,1
1401774599,38578297,2020,1
38578297,38870103,2020,1
2605579,2836748,2020,1
145363225,2836748,2020,1
2683022,2836748,2020,1
2836748,2943065,2020,1
1401774599,2836748,2020,1
2836748,38870103,2020,1
145363225,2605579,2020,1
2605579,2683022,2020,1
2605579,2943065,2020,1
1401774599,2605579,2020,1
2605579,38870103,2020,1
145363225,2683022,2020,1
145363225,2943065,2020,1
1401774599,145363225,2020,1
145363225,38870103,2020,1
2683022,2943065,2020,1
1401774599,2683022,2020,1
2683022,38870103,2020,1
1401774599,2943065,2020,1
2943065,38870103,2020,1
1401774599,38870103,2020,1
2186062,3542128,2020,1
2186062,2797207,2020,5
1484836547,2186062,2020,1
2186062,6844718,2020,1
144722562,2186062,2020,1
144156653,2186062,2020,1
2186062,5306981,2020,3
2180778,2186062,2020,1
1432663567,2186062,2020,1
2186062,3340893,2020,1
2186062,49112760,2020,1
2186062,3513269,2020,1
143759828,2186062,2020,1
2186062,3849282,2020,1
2797207,3542128,2020,1
1484836547,3542128,2020,1
3542128,6844718,2020,1
144722562,3542128,2020,1
144156653,3542128,2020,1
3542128,5306981,2020,1
2180778,3542128,2020,1
1432663567,3542128,2020,1
3340893,3542128,2020,1
2943065,3542128,2020,1
3542128,49112760,2020,1
3513269,3542128,2020,1
143759828,3542128,2020,1
3542128,3849282,2020,1
1484836547,2797207,2020,1
2797207,6844718,2020,1
144722562,2797207,2020,1
144156653,2797207,2020,1
2797207,5306981,2020,3
2180778,2797207,2020,1
1432663567,2797207,2020,1
2797207,3340893,2020,1
2797207,49112760,2020,1
2797207,3513269,2020,1
143759828,2797207,2020,1
2797207,3849282,2020,1
1484836547,6844718,2020,1
144722562,1484836547,2020,1
144156653,1484836547,2020,1
1484836547,5306981,2020,1
1484836547,2180778,2020,1
1432663567,1484836547,2020,1
1484836547,3340893,2020,1
1484836547,2943065,2020,1
1484836547,49112760,2020,1
1484836547,3513269,2020,1
143759828,1484836547,2020,1
1484836547,3849282,2020,1
144722562,6844718,2020,1
144156653,6844718,2020,1
5306981,6844718,2020,1
2180778,6844718,2020,1
1432663567,6844718,2020,1
3340893,6844718,2020,1
2943065,6844718,2020,1
49112760,6844718,2020,1
3513269,6844718,2020,1
143759828,6844718,2020,1
3849282,6844718,2020,1
144156653,144722562,2020,1
144722562,5306981,2020,1
144722562,2180778,2020,1
1432663567,144722562,2020,1
144722562,3340893,2020,1
144722562,2943065,2020,1
144722562,49112760,2020,1
144722562,3513269,2020,1
143759828,144722562,2020,1
144722562,3849282,2020,1
144156653,5306981,2020,1
144156653,2180778,2020,1
1432663567,144156653,2020,1
144156653,3340893,2020,1
144156653,2943065,2020,1
144156653,49112760,2020,1
144156653,3513269,2020,1
143759828,144156653,2020,1
144156653,3849282,2020,1
2180778,5306981,2020,1
1432663567,5306981,2020,1
3340893,5306981,2020,1
49112760,5306981,2020,1
3513269,5306981,2020,1
143759828,5306981,2020,1
3849282,5306981,2020,1
1432663567,2180778,2020,1
2180778,3340893,2020,1
2180778,2943065,2020,1
2180778,49112760,2020,1
2180778,3513269,2020,1
143759828,2180778,2020,1
2180778,3849282,2020,1
1432663567,3340893,2020,1
1432663567,2943065,2020,1
1432663567,49112760,2020,1
1432663567,3513269,2020,1
1432663567,143759828,2020,1
1432663567,3849282,2020,1
2943065,3340893,2020,1
3340893,49112760,2020,1
3340893,3513269,2020,1
143759828,3340893,2020,1
3340893,3849282,2020,1
2943065,49112760,2020,1
2943065,3513269,2020,1
143759828,2943065,2020,1
2943065,3849282,2020,1
3513269,49112760,2020,1
143759828,49112760,2020,1
3849282,49112760,2020,1
143759828,3513269,2020,1
3513269,3849282,2020,1
143759828,3849282,2020,1
47549339,5924112,2020,1
1939498,47549339,2020,1
2943065,47549339,2020,1
1939498,5924112,2020,1
2943065,5924112,2020,1
1939498,2943065,2020,1
2943065,81830454,2020,2
1845783124,2943065,2020,1
2943065,49847317,2020,3
2943065,47592009,2020,1
1845784323,2943065,2020,1
1845837177,2943065,2020,1
2943065,52178676,2020,1
115277605,5306981,2020,2
5306981,81830454,2020,2
1845783124,5306981,2020,1
49847317,5306981,2020,1
47592009,5306981,2020,1
1845784323,5306981,2020,1
1845837177,5306981,2020,1
52178676,5306981,2020,1
115277605,81830454,2020,2
115277605,1845783124,2020,1
115277605,49847317,2020,1
115277605,47592009,2020,1
115277605,1845784323,2020,1
115277605,1845837177,2020,1
115277605,52178676,2020,1
115277605,2186062,2020,4
2797207,81830454,2020,2
1845783124,2797207,2020,1
2797207,49847317,2020,1
2797207,47592009,2020,1
1845784323,2797207,2020,1
1845837177,2797207,2020,1
2797207,52178676,2020,1
1845783124,81830454,2020,1
49847317,81830454,2020,1
47592009,81830454,2020,1
1845784323,81830454,2020,1
1845837177,81830454,2020,1
52178676,81830454,2020,1
2186062,81830454,2020,2
1845783124,49847317,2020,1
1845783124,47592009,2020,1
1845783124,1845784323,2020,1
1845783124,1845837177,2020,1
1845783124,52178676,2020,1
1845783124,2186062,2020,1
47592009,49847317,2020,1
1845784323,49847317,2020,1
1845837177,49847317,2020,1
49847317,52178676,2020,1
2186062,49847317,2020,1
1845784323,47592009,2020,1
1845837177,47592009,2020,1
47592009,52178676,2020,1
2186062,47592009,2020,1
1845784323,1845837177,2020,1
1845784323,52178676,2020,1
1845784323,2186062,2020,1
1845837177,52178676,2020,1
1845837177,2186062,2020,1
2186062,52178676,2020,1
3948067,40914141,2020,1
2943065,3948067,2020,1
2943065,40914141,2020,1
2037961,49847317,2020,2
2037961,2277354,2020,2
2037961,3474495,2020,2
1411921755,2037961,2020,2
2037961,66177378,2020,2
2037961,2943065,2020,2
1398175449,2037961,2020,2
2037961,7517252,2020,2
145043122,2037961,2020,2
2037961,49117973,2020,2
2277354,49847317,2020,2
3474495,49847317,2020,2
1411921755,49847317,2020,2
49847317,66177378,2020,2
1398175449,49847317,2020,2
49847317,7517252,2020,2
145043122,49847317,2020,2
49117973,49847317,2020,2
2277354,3474495,2020,2
1411921755,2277354,2020,2
2277354,66177378,2020,2
1398175449,2277354,2020,2
2277354,7517252,2020,2
145043122,2277354,2020,2
1411921755,3474495,2020,2
3474495,66177378,2020,2
2943065,3474495,2020,2
1398175449,3474495,2020,2
3474495,7517252,2020,2
145043122,3474495,2020,2
3474495,49117973,2020,2
1411921755,66177378,2020,2
1411921755,2943065,2020,2
1398175449,1411921755,2020,2
1411921755,7517252,2020,2
1411921755,145043122,2020,2
1411921755,49117973,2020,2
2943065,66177378,2020,2
1398175449,66177378,2020,2
66177378,7517252,2020,2
145043122,66177378,2020,2
49117973,66177378,2020,2
1398175449,2943065,2020,2
2943065,7517252,2020,2
145043122,2943065,2020,2
1398175449,7517252,2020,2
1398175449,145043122,2020,2
1398175449,49117973,2020,2
145043122,7517252,2020,2
49117973,7517252,2020,2
145043122,49117973,2020,2
145043122,32072452,2020,1
32072452,3949225,2020,1
2037961,32072452,2020,1
1398175449,32072452,2020,1
32072452,49847317,2020,1
2277354,32072452,2020,1
32072452,3474495,2020,1
1411921755,32072452,2020,1
32072452,66177378,2020,1
2943065,32072452,2020,1
32072452,4268050,2020,1
32072452,7517252,2020,1
2278995,32072452,2020,1
32072452,78377151,2020,1
145156662,32072452,2020,1
32072452,49117973,2020,1
145043122,3949225,2020,1
145043122,4268050,2020,1
145043122,2278995,2020,1
145043122,78377151,2020,1
145043122,145156662,2020,1
2037961,3949225,2020,1
1398175449,3949225,2020,1
3949225,49847317,2020,1
2277354,3949225,2020,1
3474495,3949225,2020,1
1411921755,3949225,2020,1
3949225,66177378,2020,1
2943065,3949225,2020,1
3949225,4268050,2020,1
3949225,7517252,2020,1
2278995,3949225,2020,1
3949225,78377151,2020,1
145156662,3949225,2020,1
3949225,49117973,2020,1
2037961,4268050,2020,1
2037961,2278995,2020,1
2037961,78377151,2020,1
145156662,2037961,2020,1
1398175449,4268050,2020,1
1398175449,2278995,2020,1
1398175449,78377151,2020,1
1398175449,145156662,2020,1
4268050,49847317,2020,1
2278995,49847317,2020,1
49847317,78377151,2020,1
145156662,49847317,2020,1
2277354,4268050,2020,1
2277354,2278995,2020,1
2277354,78377151,2020,1
145156662,2277354,2020,1
3474495,4268050,2020,1
2278995,3474495,2020,1
3474495,78377151,2020,1
145156662,3474495,2020,1
1411921755,4268050,2020,1
1411921755,2278995,2020,1
1411921755,78377151,2020,1
1411921755,145156662,2020,1
4268050,66177378,2020,1
2278995,66177378,2020,1
66177378,78377151,2020,1
145156662,66177378,2020,1
2943065,4268050,2020,1
2278995,2943065,2020,1
2943065,78377151,2020,1
145156662,2943065,2020,1
4268050,7517252,2020,1
2278995,4268050,2020,1
4268050,78377151,2020,1
145156662,4268050,2020,1
4268050,49117973,2020,1
2278995,7517252,2020,1
7517252,78377151,2020,1
145156662,7517252,2020,1
2278995,78377151,2020,1
145156662,2278995,2020,1
2278995,49117973,2020,1
145156662,78377151,2020,1
49117973,78377151,2020,1
145156662,49117973,2020,1
1454008130,32281113,2020,1
32281113,5306981,2020,1
2047042958,32281113,2020,1
32281113,81830454,2020,1
2277354,2797207,2020,2
1454008130,2797207,2020,1
2047042958,2797207,2020,1
115277605,2277354,2020,2
115277605,1454008130,2020,1
115277605,2047042958,2020,1
1768830382,2277354,2020,2
1454008130,1768830382,2020,1
1768830382,5306981,2020,1
1768830382,2047042958,2020,1
1768830382,81830454,2020,1
1768830382,2186062,2020,2
1454008130,2277354,2020,1
2277354,5306981,2020,1
2047042958,2277354,2020,1
2277354,81830454,2020,1
1454008130,5306981,2020,1
1454008130,2047042958,2020,1
1454008130,81830454,2020,1
1454008130,2186062,2020,1
1454008130,2943065,2020,1
2047042958,5306981,2020,1
2047042958,81830454,2020,1
2047042958,2186062,2020,1
2047042958,2943065,2020,1
32281113,4033643,2020,2
2055901792,32281113,2020,1
3127422,32281113,2020,1
2186062,4033643,2020,2
2055901792,2186062,2020,1
2186062,3127422,2020,1
2277354,4033643,2020,1
2055901792,4033643,2020,1
3127422,4033643,2020,1
1768830382,4033643,2020,1
115277605,4033643,2020,2
2797207,4033643,2020,2
2943065,4033643,2020,2
2055901792,2277354,2020,1
2277354,3127422,2020,1
2055901792,3127422,2020,1
1768830382,2055901792,2020,1
115277605,2055901792,2020,1
2055901792,2797207,2020,1
2055901792,2943065,2020,1
1768830382,3127422,2020,1
115277605,3127422,2020,1
2797207,3127422,2020,1
20838673,32281113,2020,1
2116335445,32281113,2020,1
3026170,32281113,2020,1
20838673,4033643,2020,1
2116335445,4033643,2020,1
3026170,4033643,2020,1
20838673,2116335445,2020,1
20838673,3026170,2020,1
115277605,20838673,2020,1
20838673,2797207,2020,1
20838673,2186062,2020,1
20838673,2943065,2020,1
2116335445,3026170,2020,1
115277605,2116335445,2020,1
2116335445,2797207,2020,1
2116335445,2186062,2020,1
2116335445,2943065,2020,1
115277605,3026170,2020,1
2797207,3026170,2020,1
2186062,3026170,2020,1
2943065,3026170,2020,1
27580616,40441286,2020,1
1825246340,40441286,2020,1
2943065,40441286,2020,1
40441286,6753553,2020,1
40441286,6321847,2020,1
2134262,40441286,2020,1
152716957,40441286,2020,1
34920624,40441286,2020,1
1825246340,27580616,2020,1
27580616,2943065,2020,1
27580616,6753553,2020,1
27580616,6321847,2020,1
2134262,27580616,2020,1
152716957,27580616,2020,1
27580616,34920624,2020,1
1825246340,2943065,2020,1
1825246340,6753553,2020,1
1825246340,6321847,2020,1
1825246340,2134262,2020,1
152716957,1825246340,2020,1
1825246340,34920624,2020,1
2943065,6753553,2020,1
2943065,6321847,2020,1
2134262,2943065,2020,1
152716957,2943065,2020,1
2943065,34920624,2020,1
6321847,6753553,2020,1
2134262,6753553,2020,1
152716957,6753553,2020,1
34920624,6753553,2020,1
2134262,6321847,2020,1
152716957,6321847,2020,1
34920624,6321847,2020,1
152716957,2134262,2020,1
2134262,34920624,2020,1
152716957,34920624,2020,1
1454235039,148176877,2020,2
1454235039,1931674510,2020,2
1454235039,1632344824,2020,2
1454235039,2660575,2020,2
1454235039,2310860,2020,2
148176877,1931674510,2020,2
148176877,1632344824,2020,2
148176877,2660575,2020,27
148176877,2310860,2020,27
1632344824,1931674510,2020,2
1931674510,2660575,2020,2
1931674510,2310860,2020,2
1632344824,2660575,2020,2
1632344824,2310860,2020,2
17845906,2113328067,2020,4
148176877,2113328067,2020,4
147115675,2113328067,2020,4
2113328067,2116149176,2020,4
2113328067,2310860,2020,4
2113328067,2660575,2020,4
148176877,17845906,2020,21
147115675,17845906,2020,18
17845906,2116149176,2020,6
17845906,2310860,2020,21
17845906,2660575,2020,21
147115675,148176877,2020,22
148176877,2116149176,2020,6
147115675,2116149176,2020,6
147115675,2310860,2020,22
147115675,2660575,2020,22
2116149176,2310860,2020,6
2116149176,2660575,2020,6
17845906,30291444,2020,14
148176877,30291444,2020,18
147115675,30291444,2020,18
2310860,30291444,2020,18
2660575,30291444,2020,18
2116149176,30291444,2020,2
2107562196,2660575,2020,10
2293193,2660575,2020,14
147115675,2107562196,2020,10
147115675,2293193,2020,12
2107562196,30291444,2020,10
2293193,30291444,2020,10
148176877,2107562196,2020,10
148176877,2293193,2020,12
2107562196,2293193,2020,10
2107562196,2310860,2020,10
2293193,2310860,2020,14
145334595,2327052,2020,2
13568600,145334595,2020,2
145334595,2149607497,2020,2
145334595,2293193,2020,2
145334595,2310860,2020,2
145334595,2660575,2020,2
13568600,2327052,2020,2
2149607497,2327052,2020,2
2293193,2327052,2020,4
2310860,2327052,2020,4
2327052,2660575,2020,4
13568600,2149607497,2020,2
13568600,2293193,2020,2
13568600,2310860,2020,2
13568600,2660575,2020,2
2149607497,2293193,2020,2
17845906,2107562196,2020,8
17845906,2293193,2020,10
148176877,2229958,2020,3
17845906,2229958,2020,3
2229958,2660575,2020,3
2229958,2310860,2020,3
1485310967,2660575,2020,2
1485310967,2310860,2020,2
2116149176,2293193,2020,2
2113328067,2293193,2020,2
2068543889,2660575,2020,2
147115675,2068543889,2020,2
147115675,2327052,2020,2
2068543889,30291444,2020,2
2327052,30291444,2020,2
148176877,2068543889,2020,2
148176877,2327052,2020,2
2068543889,2107562196,2020,2
2107562196,2327052,2020,2
17845906,2068543889,2020,2
17845906,2327052,2020,2
2068543889,2327052,2020,2
2068543889,2293193,2020,2
2068543889,2310860,2020,2
17845906,3422747,2020,2
148176877,3422747,2020,2
30291444,3422747,2020,2
147115675,3422747,2020,2
2310860,3422747,2020,2
2660575,3422747,2020,2
148176877,5461982,2020,2
147115675,5461982,2020,2
30291444,5461982,2020,2
2107562196,5461982,2020,2
17845906,5461982,2020,2
2293193,5461982,2020,2
2310860,5461982,2020,2
2660575,5461982,2020,2
4444363,51008971,2020,5
2310860,51008971,2020,3
2660575,51008971,2020,3
2310860,4444363,2020,3
2660575,4444363,2020,3
2070589931,2295961,2020,6
2070589931,50723116,2020,6
2070589931,3391180,2020,4
1387936232,2070589931,2020,10
2295961,50723116,2020,6
2295961,3391180,2020,4
1387936232,2295961,2020,7
3391180,50723116,2020,4
1387936232,50723116,2020,4
1387936232,3391180,2020,4
2219902,51465221,2020,2
2219902,35379964,2020,1
2219902,48729921,2020,1
2219902,2872693,2020,1
12492355,2219902,2020,1
2219902,5503019,2020,2
2219902,29113221,2020,2
2219902,46257803,2020,2
2067210235,2219902,2020,2
1394936279,2219902,2020,2
2156059229,2219902,2020,2
35379964,51465221,2020,1
48729921,51465221,2020,1
2872693,51465221,2020,1
12492355,51465221,2020,1
51465221,5503019,2020,2
29113221,51465221,2020,2
46257803,51465221,2020,2
2067210235,51465221,2020,2
1394936279,51465221,2020,2
2156059229,51465221,2020,2
35379964,48729921,2020,1
2872693,35379964,2020,1
12492355,35379964,2020,1
35379964,5503019,2020,1
29113221,35379964,2020,1
35379964,46257803,2020,1
2067210235,35379964,2020,1
1394936279,35379964,2020,1
2156059229,35379964,2020,1
2872693,48729921,2020,1
12492355,48729921,2020,1
48729921,5503019,2020,1
29113221,48729921,2020,1
46257803,48729921,2020,1
2067210235,48729921,2020,1
1394936279,48729921,2020,1
2156059229,48729921,2020,1
12492355,2872693,2020,1
2872693,5503019,2020,1
2872693,29113221,2020,1
2872693,46257803,2020,1
2067210235,2872693,2020,1
1394936279,2872693,2020,1
2156059229,2872693,2020,1
12492355,5503019,2020,1
12492355,29113221,2020,1
12492355,46257803,2020,1
12492355,2067210235,2020,1
12492355,1394936279,2020,1
12492355,2156059229,2020,1
29113221,5503019,2020,2
46257803,5503019,2020,2
2067210235,5503019,2020,2
1394936279,5503019,2020,2
2156059229,5503019,2020,2
29113221,46257803,2020,2
2067210235,29113221,2020,2
1394936279,29113221,2020,2
2156059229,29113221,2020,2
2067210235,46257803,2020,2
1394936279,46257803,2020,2
2156059229,46257803,2020,2
1394936279,2067210235,2020,2
2067210235,2156059229,2020,2
1394936279,2156059229,2020,2
48794372,97223972,2020,2
4589640,48794372,2020,2
48794372,97919044,2020,2
1581083203,48794372,2020,2
29113221,48794372,2020,2
15601437,48794372,2020,2
47289184,48794372,2020,2
4589640,97223972,2020,2
97223972,97919044,2020,2
1581083203,97223972,2020,2
29113221,97223972,2020,2
15601437,97223972,2020,2
47289184,97223972,2020,2
4589640,97919044,2020,2
1581083203,4589640,2020,2
29113221,4589640,2020,2
15601437,4589640,2020,2
4589640,47289184,2020,2
1581083203,97919044,2020,2
29113221,97919044,2020,2
15601437,97919044,2020,2
47289184,97919044,2020,2
1581083203,29113221,2020,2
15601437,1581083203,2020,2
1581083203,47289184,2020,2
15601437,29113221,2020,2
29113221,47289184,2020,2
15601437,47289184,2020,2
29113221,32567877,2020,4
2324648,32567877,2020,2
2449352,32567877,2020,2
2324648,29113221,2020,2
2449352,29113221,2020,6
2324648,2449352,2020,2
2117609485,51465221,2020,1
1398859101,51465221,2020,1
2067210235,2117609485,2020,1
1398859101,2067210235,2020,1
2117609485,46257803,2020,1
2117609485,29113221,2020,1
2117609485,2219902,2020,1
2117609485,2156059229,2020,1
2117609485,5503019,2020,1
1394936279,2117609485,2020,1
1398859101,2117609485,2020,1
1398859101,46257803,2020,1
1398859101,29113221,2020,1
1398859101,2219902,2020,1
1398859101,2156059229,2020,1
1398859101,5503019,2020,1
1394936279,1398859101,2020,1
122100090,32725984,2020,1
122100090,29113221,2020,1
122100090,90917078,2020,1
122100090,4544042,2020,1
29113221,32725984,2020,2
32725984,90917078,2020,2
32725984,4544042,2020,1
29113221,90917078,2020,2
29113221,4544042,2020,1
4544042,90917078,2020,1
32567877,33214090,2020,1
29113221,33214090,2020,1
33214090,90917078,2020,1
32725984,33214090,2020,1
32567877,90917078,2020,1
32567877,32725984,2020,1
48767593,8617760,2020,1
1491779368,8617760,2020,1
14520611,8617760,2020,1
29113221,8617760,2020,1
152284226,8617760,2020,1
4463764,8617760,2020,1
1491779368,48767593,2020,1
14520611,48767593,2020,1
29113221,48767593,2020,1
152284226,48767593,2020,1
4463764,48767593,2020,1
14520611,1491779368,2020,1
1491779368,29113221,2020,1
1491779368,152284226,2020,1
1491779368,4463764,2020,1
14520611,29113221,2020,1
14520611,152284226,2020,1
14520611,4463764,2020,1
152284226,29113221,2020,1
29113221,4463764,2020,1
152284226,4463764,2020,1
15716048,34807578,2020,1
34807578,49554482,2020,1
34807578,3887614,2020,1
13010367,34807578,2020,1
29113221,34807578,2020,1
15716048,49554482,2020,1
15716048,3887614,2020,1
13010367,15716048,2020,1
15716048,29113221,2020,1
3887614,49554482,2020,1
13010367,49554482,2020,1
29113221,49554482,2020,1
13010367,3887614,2020,1
29113221,3887614,2020,1
13010367,29113221,2020,1
4952621,98850147,2020,2
41033829,4952621,2020,2
4952621,51251081,2020,4
1466510226,4952621,2020,2
4952621,51245714,2020,2
4952621,51251600,2020,2
29113221,4952621,2020,4
2449352,4952621,2020,6
49036826,4952621,2020,2
41033829,98850147,2020,2
51251081,98850147,2020,2
1466510226,98850147,2020,2
51245714,98850147,2020,2
51251600,98850147,2020,2
29113221,98850147,2020,2
2449352,98850147,2020,2
49036826,98850147,2020,2
41033829,51251081,2020,2
1466510226,41033829,2020,2
41033829,51245714,2020,2
41033829,51251600,2020,2
29113221,41033829,2020,2
2449352,41033829,2020,2
41033829,49036826,2020,2
1466510226,51251081,2020,2
51245714,51251081,2020,2
51251081,51251600,2020,2
29113221,51251081,2020,4
2449352,51251081,2020,5
49036826,51251081,2020,2
1466510226,51245714,2020,2
1466510226,51251600,2020,2
1466510226,29113221,2020,2
1466510226,2449352,2020,2
1466510226,49036826,2020,2
51245714,51251600,2020,2
29113221,51245714,2020,2
2449352,51245714,2020,2
49036826,51245714,2020,2
29113221,51251600,2020,2
2449352,51251600,2020,2
49036826,51251600,2020,2
29113221,49036826,2020,2
2449352,49036826,2020,2
108192112,38615715,2020,1
108192112,144083363,2020,1
108192112,5174017,2020,1
108192112,2140533,2020,1
108192112,1650333600,2020,1
104605782,108192112,2020,1
108192112,29113221,2020,1
108192112,49666466,2020,1
144083363,38615715,2020,1
38615715,5174017,2020,1
2140533,38615715,2020,1
1650333600,38615715,2020,1
104605782,38615715,2020,1
29113221,38615715,2020,2
38615715,49666466,2020,1
144083363,5174017,2020,1
144083363,2140533,2020,1
144083363,1650333600,2020,1
104605782,144083363,2020,2
144083363,29113221,2020,1
144083363,49666466,2020,1
2140533,5174017,2020,1
1650333600,5174017,2020,1
104605782,5174017,2020,1
29113221,5174017,2020,1
49666466,5174017,2020,1
1650333600,2140533,2020,1
104605782,2140533,2020,1
2140533,29113221,2020,1
2140533,49666466,2020,1
104605782,1650333600,2020,1
1650333600,29113221,2020,1
1650333600,49666466,2020,1
104605782,29113221,2020,1
104605782,49666466,2020,1
29113221,49666466,2020,1
145427263,32567877,2020,1
32567877,6434971,2020,1
32567877,33848373,2020,1
153597164,32567877,2020,1
32567877,35238486,2020,1
32567877,6136712,2020,1
1797712,32567877,2020,1
145427263,29113221,2020,1
29113221,6434971,2020,1
29113221,33848373,2020,1
153597164,29113221,2020,1
29113221,35238486,2020,1
29113221,6136712,2020,1
1797712,29113221,2020,1
145427263,6434971,2020,1
145427263,33848373,2020,1
145427263,153597164,2020,1
145427263,35238486,2020,1
145427263,6136712,2020,1
145427263,1797712,2020,1
33848373,6434971,2020,1
153597164,6434971,2020,1
35238486,6434971,2020,1
6136712,6434971,2020,1
1797712,6434971,2020,1
153597164,33848373,2020,1
33848373,35238486,2020,1
33848373,6136712,2020,1
1797712,33848373,2020,1
153597164,35238486,2020,1
153597164,6136712,2020,1
153597164,1797712,2020,1
35238486,6136712,2020,1
1797712,35238486,2020,1
1797712,6136712,2020,1
47262099,83542295,2020,1
1403711251,83542295,2020,1
29113221,83542295,2020,1
83542295,9957115,2020,1
2120795,83542295,2020,1
1403711251,47262099,2020,1
29113221,47262099,2020,1
47262099,9957115,2020,1
2120795,47262099,2020,1
1403711251,29113221,2020,1
1403711251,9957115,2020,1
1403711251,2120795,2020,1
29113221,9957115,2020,1
2120795,29113221,2020,1
2120795,9957115,2020,1
38615715,46231054,2020,1
29113221,46231054,2020,1
46231054,5650916,2020,1
38615715,5650916,2020,1
29113221,5650916,2020,1
2310860,4952621,2020,2
2310860,2449352,2020,2
4444363,47317563,2020,10
37975097,4444363,2020,3
1836438422,4444363,2020,7
30179275,4444363,2020,8
40040061,4444363,2020,10
37975097,47317563,2020,3
1836438422,47317563,2020,7
30179275,47317563,2020,8
40040061,47317563,2020,10
1836438422,37975097,2020,3
30179275,37975097,2020,3
37975097,40040061,2020,3
1836438422,30179275,2020,7
1836438422,40040061,2020,7
30179275,40040061,2020,8
145975941,50819480,2020,1
4444363,50819480,2020,1
38615715,50819480,2020,1
2976550,50819480,2020,1
145975941,4444363,2020,1
145975941,38615715,2020,1
145975941,2976550,2020,1
38615715,4444363,2020,1
2976550,4444363,2020,1
2976550,38615715,2020,1
1810682820,47317563,2020,7
1810682820,1836438422,2020,4
1810682820,30179275,2020,5
1810682820,40040061,2020,7
1810682820,4444363,2020,7
119574869,7751559,2020,1
119574869,12926277,2020,1
119574869,4444363,2020,1
12926277,7751559,2020,1
4444363,7751559,2020,1
12926277,4444363,2020,2
104605782,104708435,2020,1
104605782,4444363,2020,2
104605782,108082020,2020,1
104708435,144083363,2020,1
144083363,4444363,2020,1
108082020,144083363,2020,1
104708435,4444363,2020,1
104708435,108082020,2020,1
108082020,4444363,2020,1
37405703,4444363,2020,1
152581957,4444363,2020,2
4444363,49275835,2020,1
4444363,4463764,2020,1
37405703,51008971,2020,1
152581957,51008971,2020,1
49275835,51008971,2020,1
4463764,51008971,2020,1
152581957,37405703,2020,1
37405703,49275835,2020,1
37405703,4463764,2020,1
152581957,49275835,2020,1
152581957,4463764,2020,1
4463764,49275835,2020,1
47873075,51008971,2020,1
4444363,47873075,2020,1
1401195695,4444363,2020,3
1401195695,47317563,2020,3
1401195695,1810682820,2020,3
1401195695,40040061,2020,3
1930968360,4444363,2020,1
12926277,1930968360,2020,1
2384505,4444363,2020,1
1399841048,4444363,2020,1
1810682820,2384505,2020,1
1399841048,1810682820,2020,1
2384505,47317563,2020,1
1399841048,47317563,2020,1
2384505,30179275,2020,1
1401195695,30179275,2020,1
1399841048,30179275,2020,1
1401195695,2384505,2020,1
1399841048,2384505,2020,1
2384505,40040061,2020,1
1399841048,1401195695,2020,1
1399841048,40040061,2020,1
151230553,4444363,2020,1
14820813,4444363,2020,1
2068188001,4444363,2020,1
14820813,151230553,2020,1
151230553,2068188001,2020,1
14820813,2068188001,2020,1
4444363,8431890,2020,1
144270208,8431890,2020,1
5812083,8431890,2020,1
2006623420,8431890,2020,1
5058054,8431890,2020,1
144270208,4444363,2020,1
4444363,5812083,2020,1
2006623420,4444363,2020,1
4444363,5058054,2020,1
144270208,5812083,2020,1
144270208,2006623420,2020,1
144270208,5058054,2020,1
2006623420,5812083,2020,1
5058054,5812083,2020,1
2006623420,5058054,2020,1
152581957,153489268,2020,1
153489268,4444363,2020,1
153489268,19273805,2020,1
152581957,19273805,2020,1
19273805,4444363,2020,1
104605782,121248594,2020,1
121248594,4444363,2020,1
47262099,91401108,2020,1
4444363,91401108,2020,1
91179797,91401108,2020,1
4444363,47262099,2020,1
47262099,91179797,2020,1
4444363,91179797,2020,1
1381048255,4444363,2020,1
1415954752,4444363,2020,1
1402540811,5687182,2020,1
1402540811,145046057,2020,1
1402540811,21597529,2020,1
1402540811,50511450,2020,1
1402540811,3871408,2020,1
1402540811,4645409,2020,1
1402540811,3291863,2020,1
1402540811,40337498,2020,1
1402540811,5271047,2020,1
1402540811,39241049,2020,1
1402540811,46969929,2020,1
1402540811,2770002,2020,1
1402540811,2328040,2020,1
1402540811,1831766,2020,1
145046057,5687182,2020,1
21597529,5687182,2020,1
50511450,5687182,2020,1
3871408,5687182,2020,1
4645409,5687182,2020,1
3291863,5687182,2020,1
40337498,5687182,2020,1
5271047,5687182,2020,1
39241049,5687182,2020,1
46969929,5687182,2020,1
2770002,5687182,2020,1
2328040,5687182,2020,1
1831766,5687182,2020,1
145046057,21597529,2020,1
145046057,50511450,2020,1
145046057,3871408,2020,1
145046057,4645409,2020,1
145046057,3291863,2020,1
145046057,40337498,2020,1
145046057,5271047,2020,1
145046057,39241049,2020,1
145046057,46969929,2020,1
145046057,2770002,2020,1
145046057,2328040,2020,1
145046057,1831766,2020,1
21597529,50511450,2020,1
21597529,3871408,2020,1
21597529,4645409,2020,1
21597529,3291863,2020,1
21597529,40337498,2020,1
21597529,5271047,2020,1
21597529,39241049,2020,1
21597529,46969929,2020,1
21597529,2770002,2020,1
21597529,2328040,2020,1
1831766,21597529,2020,1
3871408,50511450,2020,1
4645409,50511450,2020,1
3291863,50511450,2020,1
40337498,50511450,2020,1
50511450,5271047,2020,1
39241049,50511450,2020,1
46969929,50511450,2020,1
2770002,50511450,2020,1
2328040,50511450,2020,1
1831766,50511450,2020,1
3871408,4645409,2020,1
3291863,3871408,2020,1
3871408,40337498,2020,1
3871408,5271047,2020,1
3871408,39241049,2020,1
3871408,46969929,2020,1
2770002,3871408,2020,1
2328040,3871408,2020,1
1831766,3871408,2020,1
3291863,4645409,2020,1
40337498,4645409,2020,1
4645409,5271047,2020,1
39241049,4645409,2020,1
4645409,46969929,2020,1
2770002,4645409,2020,1
2328040,4645409,2020,1
1831766,4645409,2020,1
3291863,40337498,2020,1
3291863,5271047,2020,1
3291863,39241049,2020,1
3291863,46969929,2020,1
2770002,3291863,2020,1
2328040,3291863,2020,1
1831766,3291863,2020,1
40337498,5271047,2020,1
39241049,40337498,2020,1
40337498,46969929,2020,1
2770002,40337498,2020,1
2328040,40337498,2020,1
1831766,40337498,2020,1
39241049,5271047,2020,1
46969929,5271047,2020,1
2770002,5271047,2020,1
2328040,5271047,2020,1
1831766,5271047,2020,1
39241049,46969929,2020,1
2770002,39241049,2020,1
2328040,39241049,2020,1
1831766,39241049,2020,1
2770002,46969929,2020,1
2328040,46969929,2020,1
1831766,46969929,2020,1
2328040,2770002,2020,1
1831766,2770002,2020,1
1831766,2328040,2020,1
2670026,40585346,2020,1
2081289401,2670026,2020,1
1432806737,2670026,2020,1
1584424701,2670026,2020,1
145046057,2670026,2020,1
2081289401,40585346,2020,1
1432806737,40585346,2020,1
1584424701,40585346,2020,1
145046057,40585346,2020,1
1432806737,2081289401,2020,1
1584424701,2081289401,2020,1
145046057,2081289401,2020,1
1432806737,1584424701,2020,1
1432806737,145046057,2020,1
145046057,1584424701,2020,1
1401800865,7512899,2020,2
1401800865,145046057,2020,2
1401800865,1414773996,2020,2
1401800865,50011107,2020,2
1401800865,6041993,2020,2
1401800865,153462705,2020,2
145046057,7512899,2020,2
1414773996,7512899,2020,2
50011107,7512899,2020,2
6041993,7512899,2020,2
153462705,7512899,2020,2
1414773996,145046057,2020,2
145046057,50011107,2020,2
145046057,6041993,2020,2
145046057,153462705,2020,2
1414773996,50011107,2020,2
1414773996,6041993,2020,2
1414773996,153462705,2020,2
50011107,6041993,2020,2
153462705,50011107,2020,2
153462705,6041993,2020,2
145046057,8640622,2020,4
19483036,8640622,2020,3
145046057,19483036,2020,3
12536814,32172686,2020,1
32142958,32172686,2020,1
32172686,47804429,2020,1
3185098,32172686,2020,1
145046057,32172686,2020,1
32172686,3415085,2020,1
1743971,32172686,2020,1
2774955,32172686,2020,1
32172686,4486723,2020,1
2289108,32172686,2020,1
12536814,32142958,2020,1
12536814,47804429,2020,1
12536814,3185098,2020,1
12536814,145046057,2020,1
12536814,3415085,2020,1
12536814,1743971,2020,1
12536814,2774955,2020,1
12536814,4486723,2020,1
12536814,2289108,2020,1
32142958,47804429,2020,1
3185098,32142958,2020,1
145046057,32142958,2020,1
32142958,3415085,2020,1
1743971,32142958,2020,1
2774955,32142958,2020,1
32142958,4486723,2020,1
2289108,32142958,2020,1
3185098,47804429,2020,1
145046057,47804429,2020,1
3415085,47804429,2020,1
1743971,47804429,2020,1
2774955,47804429,2020,1
4486723,47804429,2020,1
2289108,47804429,2020,1
145046057,3185098,2020,1
3185098,3415085,2020,1
1743971,3185098,2020,1
2774955,3185098,2020,1
3185098,4486723,2020,1
2289108,3185098,2020,1
145046057,3415085,2020,1
145046057,1743971,2020,1
145046057,2774955,2020,1
145046057,4486723,2020,1
145046057,2289108,2020,2
1743971,3415085,2020,1
2774955,3415085,2020,1
3415085,4486723,2020,1
2289108,3415085,2020,1
1743971,2774955,2020,1
1743971,4486723,2020,1
1743971,2289108,2020,1
2774955,4486723,2020,1
2289108,2774955,2020,1
2289108,4486723,2020,1
49707911,8640622,2020,1
19483036,49707911,2020,1
145046057,49707911,2020,2
2257080,5431019,2020,1
1822602,2257080,2020,1
145046057,2257080,2020,1
2257080,4015181,2020,1
2257080,2822922,2020,1
2257080,2289108,2020,1
1822602,5431019,2020,1
145046057,5431019,2020,1
4015181,5431019,2020,1
2822922,5431019,2020,1
2289108,5431019,2020,1
145046057,1822602,2020,1
1822602,4015181,2020,1
1822602,2822922,2020,1
1822602,2289108,2020,1
145046057,4015181,2020,1
145046057,2822922,2020,1
2822922,4015181,2020,1
2289108,4015181,2020,1
2289108,2822922,2020,1
1490666817,1621967402,2020,1
1490666817,1694232,2020,1
1490666817,46298112,2020,1
1621967402,1694232,2020,1
1621967402,46298112,2020,1
1694232,46298112,2020,1
46298112,51301614,2020,1
2117851505,51301614,2020,1
51301614,5452350,2020,1
2208469,51301614,2020,1
2117851505,46298112,2020,1
46298112,5452350,2020,1
2208469,46298112,2020,1
2117851505,5452350,2020,1
2117851505,2208469,2020,1
2208469,5452350,2020,1
146909724,46298112,2020,1
146909724,49475883,2020,1
1412613322,146909724,2020,1
46298112,49475883,2020,1
1412613322,46298112,2020,1
1412613322,49475883,2020,1
1816277,1823060,2020,1
1823060,2059598717,2020,1
1823060,40621108,2020,1
1702522,1823060,2020,1
1823060,69525351,2020,1
1823060,80054648,2020,1
1823060,2900564,2020,1
1823060,3428718,2020,1
1823060,46298112,2020,1
1823060,2041652,2020,1
1816277,2059598717,2020,1
1816277,40621108,2020,1
1702522,1816277,2020,1
1816277,69525351,2020,1
1816277,80054648,2020,1
1816277,2900564,2020,1
1816277,3428718,2020,1
1816277,46298112,2020,1
1816277,2041652,2020,1
2059598717,40621108,2020,1
1702522,2059598717,2020,1
2059598717,69525351,2020,1
2059598717,80054648,2020,1
2059598717,2900564,2020,1
2059598717,3428718,2020,1
2059598717,46298112,2020,1
2041652,2059598717,2020,1
1702522,40621108,2020,1
40621108,69525351,2020,1
40621108,80054648,2020,1
2900564,40621108,2020,1
3428718,40621108,2020,1
40621108,46298112,2020,1
2041652,40621108,2020,1
1702522,69525351,2020,1
1702522,80054648,2020,1
1702522,2900564,2020,1
1702522,3428718,2020,1
1702522,46298112,2020,1
1702522,2041652,2020,1
69525351,80054648,2020,1
2900564,69525351,2020,1
3428718,69525351,2020,1
46298112,69525351,2020,1
2041652,69525351,2020,1
2900564,80054648,2020,1
3428718,80054648,2020,1
46298112,80054648,2020,1
2041652,80054648,2020,1
2900564,3428718,2020,1
2900564,46298112,2020,1
2041652,2900564,2020,1
3428718,46298112,2020,1
2041652,3428718,2020,1
2041652,46298112,2020,1
17834103,65832441,2020,2
17834103,35005068,2020,2
1732789,17834103,2020,2
17834103,49298450,2020,2
35005068,65832441,2020,2
1732789,65832441,2020,2
49298450,65832441,2020,2
1732789,35005068,2020,2
35005068,49298450,2020,2
1732789,49298450,2020,2
1732789,3443694,2020,2
1580569014,1732789,2020,1
1732789,2405360,2020,2
1732789,2627039,2020,2
1732789,2111614841,2020,3
1732789,30775671,2020,3
1580569014,3443694,2020,1
2405360,3443694,2020,1
2627039,3443694,2020,1
2111614841,3443694,2020,1
30775671,3443694,2020,1
1580569014,2405360,2020,1
1580569014,2627039,2020,1
1580569014,2111614841,2020,1
1580569014,30775671,2020,1
2405360,2627039,2020,2
2111614841,2405360,2020,2
2405360,30775671,2020,2
2111614841,2627039,2020,2
2627039,30775671,2020,2
2111614841,30775671,2020,3
12412789,1962739,2020,1
12412789,1732789,2020,1
12412789,46374068,2020,1
1732789,1962739,2020,1
1962739,46374068,2020,1
1732789,46374068,2020,1
2111614841,93857458,2020,1
1850415250,2111614841,2020,1
2111614841,2112231565,2020,1
1850415250,93857458,2020,1
1732789,93857458,2020,1
30775671,93857458,2020,1
2112231565,93857458,2020,1
1732789,1850415250,2020,1
1850415250,30775671,2020,1
1850415250,2112231565,2020,1
1732789,2112231565,2020,1
2112231565,30775671,2020,1
2026707612,49727793,2020,2
107685901,49727793,2020,2
2670026,49727793,2020,2
1732789,49727793,2020,2
2068836258,49727793,2020,1
107685901,2026707612,2020,2
2026707612,2670026,2020,2
1732789,2026707612,2020,2
2026707612,2068836258,2020,1
107685901,2670026,2020,2
107685901,1732789,2020,2
107685901,2068836258,2020,1
1732789,2670026,2020,2
2068836258,2670026,2020,1
1732789,2068836258,2020,1
150899667,2068615900,2020,1
150899667,1732789,2020,1
150325904,150899667,2020,1
1732789,2068615900,2020,1
150325904,2068615900,2020,1
150325904,1732789,2020,1
144317022,2026707612,2020,1
144317022,49727793,2020,1
144317022,2670026,2020,1
107685901,144317022,2020,1
144317022,1732789,2020,1
115277605,2071524749,2020,1
115277605,48317008,2020,1
115277605,1732789,2020,1
115277605,5037136,2020,1
2071524749,48317008,2020,1
1732789,2071524749,2020,1
2071524749,5037136,2020,1
1732789,48317008,2020,1
48317008,5037136,2020,1
1732789,5037136,2020,1
12848975,65832441,2020,1
48517006,65832441,2020,1
1388315865,65832441,2020,1
4443504,65832441,2020,1
4111048,65832441,2020,1
12848975,35005068,2020,1
35005068,48517006,2020,1
1388315865,35005068,2020,1
35005068,4443504,2020,1
35005068,4111048,2020,1
12848975,17834103,2020,1
17834103,48517006,2020,1
1388315865,17834103,2020,1
17834103,4443504,2020,1
17834103,4111048,2020,1
12848975,48517006,2020,1
12848975,1388315865,2020,1
12848975,4443504,2020,1
12848975,4111048,2020,1
12848975,1732789,2020,1
12848975,49298450,2020,1
1388315865,48517006,2020,1
4443504,48517006,2020,1
4111048,48517006,2020,1
1732789,48517006,2020,1
48517006,49298450,2020,1
1388315865,4443504,2020,1
1388315865,4111048,2020,1
1388315865,1732789,2020,1
1388315865,49298450,2020,1
4111048,4443504,2020,1
1732789,4443504,2020,1
4443504,49298450,2020,1
1732789,4111048,2020,1
4111048,49298450,2020,1
1573391472,3443694,2020,1
1573391472,1732789,2020,1
1388682042,48833475,2020,1
1934321,48833475,2020,1
39799304,48833475,2020,1
1846883,48833475,2020,1
2552141,48833475,2020,1
2800259,48833475,2020,1
1388682042,1934321,2020,1
1388682042,39799304,2020,1
1388682042,1846883,2020,1
1388682042,2552141,2020,1
1388682042,2800259,2020,3
1934321,39799304,2020,1
1846883,1934321,2020,1
1934321,2552141,2020,1
1934321,2800259,2020,1
1846883,39799304,2020,1
2552141,39799304,2020,1
2800259,39799304,2020,1
1846883,2552141,2020,1
1846883,2800259,2020,1
2552141,2800259,2020,1
1396267677,152456441,2020,1
151185022,152456441,2020,1
152456441,1951574914,2020,1
152456441,152550922,2020,1
152456441,1791136264,2020,1
15239818,152456441,2020,1
152456441,2800259,2020,1
152456441,2670026,2020,1
1396267677,151185022,2020,1
1396267677,1951574914,2020,1
1396267677,152550922,2020,1
1396267677,1791136264,2020,1
1396267677,15239818,2020,1
1396267677,2800259,2020,1
1396267677,2670026,2020,1
151185022,1951574914,2020,1
151185022,152550922,2020,1
151185022,1791136264,2020,1
151185022,15239818,2020,1
151185022,2800259,2020,1
151185022,2670026,2020,1
152550922,1951574914,2020,1
1791136264,1951574914,2020,1
15239818,1951574914,2020,1
1951574914,2800259,2020,1
1951574914,2670026,2020,1
152550922,1791136264,2020,1
15239818,152550922,2020,1
152550922,2800259,2020,1
152550922,2670026,2020,1
15239818,1791136264,2020,1
1791136264,2800259,2020,1
1791136264,2670026,2020,1
15239818,2800259,2020,1
15239818,2670026,2020,1
2670026,2800259,2020,1
103655856,51053616,2020,2
3450084,51053616,2020,4
1388682042,51053616,2020,2
2800259,51053616,2020,2
51053616,7373730,2020,5
103655856,3450084,2020,2
103655856,1388682042,2020,2
103655856,2800259,2020,2
103655856,7373730,2020,2
1388682042,3450084,2020,2
2800259,3450084,2020,2
3450084,7373730,2020,7
1388682042,7373730,2020,2
2800259,7373730,2020,2
1387936232,40543224,2020,2
2070589931,7373730,2020,6
1387936232,7373730,2020,6
24964059,7373730,2020,7
2917010,7373730,2020,7
2070589931,24964059,2020,6
2070589931,2917010,2020,6
1387936232,24964059,2020,6
1387936232,2917010,2020,6
24964059,2917010,2020,7
2504446,50543671,2020,1
2113922116,2504446,2020,1
2307982,2504446,2020,3
2193034532,2504446,2020,1
2504446,40543224,2020,1
1387936232,2504446,2020,6
2113922116,50543671,2020,1
2307982,50543671,2020,1
2193034532,50543671,2020,1
40543224,50543671,2020,1
1387936232,50543671,2020,1
2113922116,2307982,2020,1
2113922116,2193034532,2020,1
2113922116,40543224,2020,1
1387936232,2113922116,2020,1
2193034532,2307982,2020,1
2307982,40543224,2020,1
1387936232,2307982,2020,3
2193034532,40543224,2020,1
1387936232,2193034532,2020,1
2504446,2519028,2020,1
2116335777,2504446,2020,1
2295961,2504446,2020,1
2118878287,2504446,2020,1
2116335777,2519028,2020,1
2307982,2519028,2020,1
2295961,2519028,2020,1
1387936232,2519028,2020,1
2118878287,2519028,2020,1
2116335777,2307982,2020,1
2116335777,2295961,2020,1
1387936232,2116335777,2020,1
2116335777,2118878287,2020,1
2295961,2307982,2020,1
2118878287,2307982,2020,1
2118878287,2295961,2020,1
1387936232,2118878287,2020,1
1387936229,1571526245,2020,2
1387936232,1571526245,2020,2
1387936229,1387936232,2020,5
39400194,4314098,2020,1
4314098,88738966,2020,1
34857709,4314098,2020,1
11274246,4314098,2020,1
121020897,4314098,2020,1
3196739,4314098,2020,1
34207642,4314098,2020,4
1387936232,4314098,2020,4
2307982,4314098,2020,1
2504446,4314098,2020,4
39400194,88738966,2020,1
34857709,39400194,2020,1
11274246,39400194,2020,1
121020897,39400194,2020,1
3196739,39400194,2020,1
34207642,39400194,2020,1
1387936232,39400194,2020,1
2307982,39400194,2020,1
2504446,39400194,2020,1
34857709,88738966,2020,1
11274246,88738966,2020,1
121020897,88738966,2020,1
3196739,88738966,2020,1
34207642,88738966,2020,1
1387936232,88738966,2020,1
2307982,88738966,2020,1
2504446,88738966,2020,1
11274246,34857709,2020,1
121020897,34857709,2020,1
3196739,34857709,2020,1
34207642,34857709,2020,1
1387936232,34857709,2020,1
2307982,34857709,2020,1
2504446,34857709,2020,1
11274246,121020897,2020,1
11274246,3196739,2020,1
11274246,34207642,2020,1
11274246,1387936232,2020,1
11274246,2307982,2020,1
11274246,2504446,2020,1
121020897,3196739,2020,1
121020897,34207642,2020,1
121020897,1387936232,2020,1
121020897,2307982,2020,1
121020897,2504446,2020,1
3196739,34207642,2020,1
1387936232,3196739,2020,1
2307982,3196739,2020,1
2504446,3196739,2020,1
1387936232,34207642,2020,4
2307982,34207642,2020,1
2504446,34207642,2020,4
2110173785,32567877,2020,1
2110173785,2577687,2020,1
144317022,2110173785,2020,1
1387936232,2110173785,2020,1
2577687,32567877,2020,1
144317022,32567877,2020,1
1387936232,32567877,2020,1
144317022,2577687,2020,1
1387936232,2577687,2020,1
1387936232,144317022,2020,1
1387936232,2277364,2020,1
2277364,34228632,2020,1
1387936232,34228632,2020,1
1387936229,2295961,2020,2
34207642,39954198,2020,2
12707188,34207642,2020,1
119464741,34207642,2020,2
2058689806,34207642,2020,1
1441292272,34207642,2020,1
1441292541,34207642,2020,1
1441296508,34207642,2020,1
1513079149,34207642,2020,2
13428547,34207642,2020,1
12707188,39954198,2020,1
119464741,39954198,2020,2
2058689806,39954198,2020,1
1441292272,39954198,2020,1
1441292541,39954198,2020,1
1441296508,39954198,2020,1
1513079149,39954198,2020,2
13428547,39954198,2020,1
39954198,4314098,2020,2
2504446,39954198,2020,2
1387936232,39954198,2020,2
119464741,12707188,2020,1
12707188,2058689806,2020,1
12707188,1441292272,2020,1
12707188,1441292541,2020,1
12707188,1441296508,2020,1
12707188,1513079149,2020,1
12707188,13428547,2020,1
12707188,4314098,2020,1
12707188,2504446,2020,1
12707188,1387936232,2020,1
119464741,2058689806,2020,1
119464741,1441292272,2020,1
119464741,1441292541,2020,1
119464741,1441296508,2020,1
119464741,1513079149,2020,2
119464741,13428547,2020,1
119464741,4314098,2020,2
119464741,2504446,2020,2
119464741,1387936232,2020,2
1441292272,2058689806,2020,1
1441292541,2058689806,2020,1
1441296508,2058689806,2020,1
1513079149,2058689806,2020,1
13428547,2058689806,2020,1
2058689806,4314098,2020,1
2058689806,2504446,2020,1
1387936232,2058689806,2020,1
1441292272,1441292541,2020,1
1441292272,1441296508,2020,1
1441292272,1513079149,2020,1
13428547,1441292272,2020,1
1441292272,4314098,2020,1
1441292272,2504446,2020,1
1387936232,1441292272,2020,1
1441292541,1441296508,2020,1
1441292541,1513079149,2020,1
13428547,1441292541,2020,1
1441292541,4314098,2020,1
1441292541,2504446,2020,1
1387936232,1441292541,2020,1
1441296508,1513079149,2020,1
13428547,1441296508,2020,1
1441296508,4314098,2020,1
1441296508,2504446,2020,1
1387936232,1441296508,2020,1
13428547,1513079149,2020,1
1513079149,4314098,2020,2
1513079149,2504446,2020,2
1387936232,1513079149,2020,2
13428547,4314098,2020,1
13428547,2504446,2020,1
13428547,1387936232,2020,1
1409895580,84101078,2020,1
39181830,84101078,2020,1
1387936232,84101078,2020,1
1409895580,39181830,2020,1
1387936232,1409895580,2020,1
1387936232,39181830,2020,1
39011141,4314098,2020,1
1413865390,4314098,2020,1
1513091220,4314098,2020,1
34207642,39011141,2020,1
1413865390,34207642,2020,1
1513091220,34207642,2020,1
1513079149,39011141,2020,1
119464741,39011141,2020,1
39011141,39954198,2020,1
1413865390,39011141,2020,1
1513091220,39011141,2020,1
1387936232,39011141,2020,1
2504446,39011141,2020,1
1413865390,1513079149,2020,1
1513079149,1513091220,2020,1
119464741,1413865390,2020,1
119464741,1513091220,2020,1
1413865390,39954198,2020,1
1513091220,39954198,2020,1
1413865390,1513091220,2020,1
1387936232,1413865390,2020,1
1413865390,2504446,2020,1
1387936232,1513091220,2020,1
1513091220,2504446,2020,1
35478592,4314098,2020,1
34207642,35478592,2020,1
1387936232,35478592,2020,1
2504446,35478592,2020,1
1596700058,48327383,2020,1
48327383,70996209,2020,1
32078564,48327383,2020,1
1387936229,48327383,2020,1
145164251,48327383,2020,1
1387936232,48327383,2020,1
1596700058,70996209,2020,1
1596700058,32078564,2020,1
1387936229,1596700058,2020,1
145164251,1596700058,2020,1
1387936232,1596700058,2020,1
32078564,70996209,2020,1
1387936229,70996209,2020,1
145164251,70996209,2020,1
1387936232,70996209,2020,1
1387936229,32078564,2020,1
145164251,32078564,2020,1
1387936232,32078564,2020,1
1387936229,145164251,2020,1
1387936232,145164251,2020,1
134852795,1387936229,2020,1
1387936229,2648477,2020,1
134852795,2295961,2020,1
134852795,2648477,2020,1
134852795,1387936232,2020,1
2295961,2648477,2020,1
1387936232,2648477,2020,1
51051515,51053616,2020,2
1410959931,51051515,2020,2
3450084,51051515,2020,3
51051515,7373730,2020,3
1400632409,51051515,2020,3
1410959931,51053616,2020,2
1400632409,51053616,2020,2
1410959931,3450084,2020,2
1410959931,7373730,2020,2
1400632409,1410959931,2020,2
1400632409,3450084,2020,3
1400632409,7373730,2020,3
3450084,6032938,2020,1
2070083553,3450084,2020,2
2070083553,6032938,2020,1
6032938,7373730,2020,1
2070083553,7373730,2020,2
2070083615,7373730,2020,1
2070083615,4303991,2020,1
4303991,7373730,2020,1
2055674303,7373730,2020,2
2083926770,9947685,2020,1
12764233,2083926770,2020,1
2083926770,7373730,2020,1
1745664,2083926770,2020,1
12764233,9947685,2020,1
7373730,9947685,2020,1
1745664,9947685,2020,1
12764233,7373730,2020,1
12764233,1745664,2020,1
1745664,7373730,2020,1
1957867261,51051515,2020,1
2070083553,51051515,2020,1
1957867261,3450084,2020,1
1957867261,2070083553,2020,1
1957867261,7373730,2020,1
1400632409,1957867261,2020,1
1400632409,2070083553,2020,1
2055674303,2108637572,2020,1
2108637572,3450084,2020,1
2108637572,7373730,2020,1
2055674303,3450084,2020,1
7373730,97422204,2020,1
2173556030,7373730,2020,1
2173625936,7373730,2020,1
2173556030,97422204,2020,1
2173625936,97422204,2020,1
24964059,97422204,2020,1
2917010,97422204,2020,1
2173556030,2173625936,2020,1
2173556030,24964059,2020,1
2173556030,2917010,2020,1
2173625936,24964059,2020,1
2173625936,2917010,2020,1
48996659,51053616,2020,1
48996659,7373730,2020,1
49172955,51092804,2020,1
1491909167,1491912320,2020,1
148243135,1491909167,2020,1
13568600,1491909167,2020,1
1491909167,2229958,2020,1
148243135,1491912320,2020,1
13568600,1491912320,2020,1
1491912320,2229958,2020,1
13568600,148243135,2020,1
148243135,2229958,2020,1
13568600,2229958,2020,1
102156922,2111894091,2020,1
102156922,2229958,2020,1
2111894091,2229958,2020,1
2023694909,2070589931,2020,2
2023694909,2295961,2020,2
2023694909,50723116,2020,2
2081236100,50723116,2020,1
2081236100,2307982,2020,1
2307982,50723116,2020,1
2074046771,51229046,2020,1
1945992,51229046,2020,1
1945992,2074046771,2020,4
2513267,3118282,2020,1
2513267,50127831,2020,1
1945992,2513267,2020,4
3118282,50127831,2020,1
1945992,3118282,2020,1
1945992,50127831,2020,2
2074046771,2513267,2020,3
1945992,79981412,2020,3
1945992,51240232,2020,4
1945992,2771794,2020,3
1945992,40442200,2020,2
1945992,51227989,2020,1
1945992,51463428,2020,2
1945992,49755882,2020,2
1945992,3075128,2020,2
1812497,1945992,2020,1
152351073,1945992,2020,2
1706983,1945992,2020,2
1945992,2117689028,2020,2
1945992,32654991,2020,2
1945992,50540900,2020,1
51240232,79981412,2020,3
2771794,79981412,2020,3
40442200,79981412,2020,2
51227989,79981412,2020,1
51463428,79981412,2020,2
49755882,79981412,2020,2
3075128,79981412,2020,2
1812497,79981412,2020,1
152351073,79981412,2020,2
1706983,79981412,2020,2
2117689028,79981412,2020,2
32654991,79981412,2020,2
50540900,79981412,2020,1
2771794,51240232,2020,3
40442200,51240232,2020,2
51227989,51240232,2020,1
51240232,51463428,2020,2
49755882,51240232,2020,2
3075128,51240232,2020,2
1812497,51240232,2020,1
152351073,51240232,2020,2
1706983,51240232,2020,2
2117689028,51240232,2020,2
32654991,51240232,2020,2
50540900,51240232,2020,1
2771794,40442200,2020,2
2771794,51227989,2020,1
2771794,51463428,2020,2
2771794,49755882,2020,2
2771794,3075128,2020,2
1812497,2771794,2020,1
152351073,2771794,2020,2
1706983,2771794,2020,2
2117689028,2771794,2020,2
2771794,32654991,2020,2
2771794,50540900,2020,1
40442200,51227989,2020,1
40442200,51463428,2020,2
40442200,49755882,2020,2
3075128,40442200,2020,2
1812497,40442200,2020,1
152351073,40442200,2020,2
1706983,40442200,2020,2
2117689028,40442200,2020,2
32654991,40442200,2020,2
40442200,50540900,2020,1
51227989,51463428,2020,1
49755882,51227989,2020,1
3075128,51227989,2020,1
1812497,51227989,2020,1
152351073,51227989,2020,1
1706983,51227989,2020,1
2117689028,51227989,2020,1
32654991,51227989,2020,1
50540900,51227989,2020,1
49755882,51463428,2020,2
3075128,51463428,2020,2
1812497,51463428,2020,1
152351073,51463428,2020,2
1706983,51463428,2020,2
2117689028,51463428,2020,2
32654991,51463428,2020,2
50540900,51463428,2020,1
3075128,49755882,2020,2
1812497,49755882,2020,1
152351073,49755882,2020,2
1706983,49755882,2020,2
2117689028,49755882,2020,2
32654991,49755882,2020,2
49755882,50540900,2020,1
1812497,3075128,2020,1
152351073,3075128,2020,2
1706983,3075128,2020,2
2117689028,3075128,2020,2
3075128,32654991,2020,2
3075128,50540900,2020,1
152351073,1812497,2020,1
1706983,1812497,2020,1
1812497,2117689028,2020,1
1812497,32654991,2020,1
1812497,50540900,2020,1
152351073,1706983,2020,2
152351073,2117689028,2020,2
152351073,32654991,2020,2
152351073,50540900,2020,1
1706983,2117689028,2020,2
1706983,32654991,2020,2
1706983,50540900,2020,1
2117689028,32654991,2020,2
2117689028,50540900,2020,1
32654991,50540900,2020,1
1945992,31303285,2020,1
15273859,1945992,2020,1
1945992,3425150,2020,1
2771794,31303285,2020,1
15273859,2771794,2020,1
2771794,3425150,2020,1
31303285,40442200,2020,1
15273859,40442200,2020,1
3425150,40442200,2020,1
31303285,51240232,2020,1
15273859,51240232,2020,1
3425150,51240232,2020,1
31303285,79981412,2020,1
15273859,79981412,2020,1
3425150,79981412,2020,1
1706983,31303285,2020,1
31303285,32654991,2020,1
152351073,31303285,2020,1
2117689028,31303285,2020,1
15273859,31303285,2020,1
31303285,49755882,2020,1
31303285,51463428,2020,1
3075128,31303285,2020,1
31303285,3425150,2020,1
15273859,1706983,2020,1
1706983,3425150,2020,1
15273859,32654991,2020,1
32654991,3425150,2020,1
152351073,15273859,2020,1
152351073,3425150,2020,1
15273859,2117689028,2020,1
2117689028,3425150,2020,1
15273859,49755882,2020,1
15273859,51463428,2020,1
15273859,3075128,2020,1
15273859,3425150,2020,1
3425150,49755882,2020,1
3425150,51463428,2020,1
3075128,3425150,2020,1
103079211,1489091449,2020,1
1489091449,1945992,2020,1
103079211,1945992,2020,1
1413758874,49557474,2020,1
1413758874,24010984,2020,1
1413758874,152246852,2020,1
1413758874,1945992,2020,1
24010984,49557474,2020,1
152246852,49557474,2020,1
1945992,49557474,2020,1
152246852,24010984,2020,1
1945992,24010984,2020,1
152246852,1945992,2020,1
