1454235039,51243417,2022,3
1454235039,2149607497,2022,3
1454235039,4463764,2022,3
1409432424,1454235039,2022,3
1454235039,2660575,2022,3
1454235039,2310860,2022,3
2149607497,51243417,2022,3
4463764,51243417,2022,3
1409432424,51243417,2022,3
2660575,51243417,2022,5
2310860,51243417,2022,5
2149607497,4463764,2022,3
1409432424,2149607497,2022,3
2149607497,2660575,2022,3
2149607497,2310860,2022,3
1409432424,4463764,2022,3
2660575,4463764,2022,3
2310860,4463764,2022,3
1409432424,2660575,2022,3
1409432424,2310860,2022,3
2310860,2660575,2022,10
2184443622,2310276,2022,1
145079022,2184443622,2022,1
2184443622,6357280,2022,1
2184443622,3479346,2022,1
2184443622,4718435,2022,1
2184443622,40581461,2022,1
2184443622,2431185,2022,1
145759191,2184443622,2022,1
1714850,2184443622,2022,1
1409432424,2184443622,2022,1
1750949558,2184443622,2022,1
2184443622,49063639,2022,1
2184443622,5298108,2022,1
145079022,2310276,2022,1
2310276,6357280,2022,1
2310276,3479346,2022,1
2310276,4718435,2022,1
2310276,40581461,2022,1
2310276,2431185,2022,1
145759191,2310276,2022,1
1714850,2310276,2022,1
1409432424,2310276,2022,1
1750949558,2310276,2022,1
2310276,49063639,2022,1
2310276,5298108,2022,1
145079022,6357280,2022,1
145079022,3479346,2022,1
145079022,4718435,2022,1
145079022,40581461,2022,1
145079022,2431185,2022,1
145079022,145759191,2022,1
145079022,1714850,2022,1
1409432424,145079022,2022,1
145079022,1750949558,2022,1
145079022,49063639,2022,1
145079022,5298108,2022,1
3479346,6357280,2022,1
4718435,6357280,2022,1
40581461,6357280,2022,1
2431185,6357280,2022,1
145759191,6357280,2022,1
1714850,6357280,2022,1
1409432424,6357280,2022,1
1750949558,6357280,2022,1
49063639,6357280,2022,1
5298108,6357280,2022,1
3479346,4718435,2022,1
3479346,40581461,2022,1
2431185,3479346,2022,1
145759191,3479346,2022,1
1714850,3479346,2022,1
1409432424,3479346,2022,1
1750949558,3479346,2022,1
3479346,49063639,2022,1
3479346,5298108,2022,1
40581461,4718435,2022,1
2431185,4718435,2022,1
145759191,4718435,2022,1
1714850,4718435,2022,1
1409432424,4718435,2022,1
1750949558,4718435,2022,1
4718435,49063639,2022,1
4718435,5298108,2022,1
2431185,40581461,2022,1
145759191,40581461,2022,1
1714850,40581461,2022,1
1409432424,40581461,2022,1
1750949558,40581461,2022,1
40581461,49063639,2022,1
40581461,5298108,2022,1
145759191,2431185,2022,1
1714850,2431185,2022,1
1409432424,2431185,2022,1
1750949558,2431185,2022,1
2431185,49063639,2022,1
2431185,5298108,2022,1
145759191,1714850,2022,1
1409432424,145759191,2022,1
145759191,1750949558,2022,1
145759191,49063639,2022,1
145759191,5298108,2022,1
1409432424,1714850,2022,1
1714850,1750949558,2022,1
1714850,49063639,2022,1
1714850,5298108,2022,1
1409432424,1750949558,2022,1
1409432424,49063639,2022,1
1409432424,5298108,2022,1
1750949558,49063639,2022,1
1750949558,5298108,2022,1
49063639,5298108,2022,1
2401775,3439075,2022,1
145473707,3439075,2022,1
1409432424,3439075,2022,1
145473707,2401775,2022,1
1409432424,2401775,2022,1
1409432424,145473707,2022,1
1406729778,49017964,2022,2
2232853,49017964,2022,2
1387936232,49017964,2022,2
2611075,49017964,2022,2
1406729778,2232853,2022,2
1387936232,1406729778,2022,2
1406729778,2611075,2022,2
1387936232,2232853,2022,2
2232853,2611075,2022,2
1387936232,2611075,2022,2
2154777922,84101078,2022,1
2154777922,2232853,2022,1
1413053668,2154777922,2022,1
2023694909,2154777922,2022,1
2154777922,46370057,2022,1
2232853,84101078,2022,1
1413053668,84101078,2022,1
2023694909,84101078,2022,1
46370057,84101078,2022,1
1413053668,2232853,2022,1
2023694909,2232853,2022,2
2232853,46370057,2022,1
1413053668,2023694909,2022,1
1413053668,46370057,2022,1
2023694909,46370057,2022,1
2023694909,32078564,2022,1
2023694909,2295961,2022,1
2232853,32078564,2022,1
2232853,2295961,2022,2
2295961,32078564,2022,1
118400138,2232853,2022,1
2101664,2232853,2022,1
118400138,2101664,2022,1
2181503220,2232853,2022,1
2181503220,2295961,2022,1
50584033,50986429,2022,1
2002036,50986429,2022,1
2232853,50986429,2022,1
2002036,50584033,2022,1
2232853,50584033,2022,1
2002036,2232853,2022,1
115277605,1768830382,2022,5
1768830382,2797207,2022,5
1768830382,32281113,2022,5
1768830382,5306981,2022,3
1768830382,2186062,2022,4
1768830382,2943065,2022,7
115277605,2797207,2022,5
115277605,32281113,2022,5
115277605,5306981,2022,2
115277605,2186062,2022,3
115277605,2943065,2022,5
2797207,32281113,2022,5
2797207,5306981,2022,2
2186062,2797207,2022,3
2797207,2943065,2022,5
32281113,5306981,2022,2
2186062,32281113,2022,5
2943065,32281113,2022,7
2186062,5306981,2022,2
2943065,5306981,2022,3
2186062,2943065,2022,7
2163635923,40930259,2022,1
2163635923,5257377,2022,1
2163635923,2943065,2022,1
143674561,2163635923,2022,1
2163635923,2394039,2022,1
40930259,5257377,2022,1
2943065,40930259,2022,1
143674561,40930259,2022,1
2394039,40930259,2022,1
2943065,5257377,2022,4
143674561,5257377,2022,3
2394039,5257377,2022,1
143674561,2943065,2022,3
2394039,2943065,2022,1
143674561,2394039,2022,1
1768830382,81830454,2022,5
115277605,81830454,2022,4
32281113,81830454,2022,6
2797207,81830454,2022,4
5306981,81830454,2022,1
2943065,81830454,2022,7
2277354,32281113,2022,2
2119115445,2277354,2022,1
2277354,81830454,2022,2
2186062,2277354,2022,2
2277354,2943065,2022,2
2119115445,32281113,2022,1
2119115445,81830454,2022,1
2119115445,2186062,2022,1
2119115445,2943065,2022,1
2186062,81830454,2022,4
2277354,38879871,2022,1
38879871,81830454,2022,1
32281113,38879871,2022,1
2163641022,38879871,2022,1
113823753,38879871,2022,1
1390147912,38879871,2022,1
1903135946,38879871,2022,1
2107705027,38879871,2022,1
35365511,38879871,2022,1
145642297,38879871,2022,1
2186062,38879871,2022,1
2943065,38879871,2022,1
2163641022,2277354,2022,1
113823753,2277354,2022,1
1390147912,2277354,2022,1
1903135946,2277354,2022,1
2107705027,2277354,2022,1
2277354,35365511,2022,1
145642297,2277354,2022,1
2163641022,81830454,2022,1
113823753,81830454,2022,1
1390147912,81830454,2022,1
1903135946,81830454,2022,1
2107705027,81830454,2022,1
35365511,81830454,2022,1
145642297,81830454,2022,1
2163641022,32281113,2022,1
113823753,32281113,2022,1
1390147912,32281113,2022,1
1903135946,32281113,2022,1
2107705027,32281113,2022,1
32281113,35365511,2022,1
145642297,32281113,2022,1
113823753,2163641022,2022,1
1390147912,2163641022,2022,1
1903135946,2163641022,2022,1
2107705027,2163641022,2022,1
2163641022,35365511,2022,1
145642297,2163641022,2022,1
2163641022,2186062,2022,1
2163641022,2943065,2022,1
113823753,1390147912,2022,1
113823753,1903135946,2022,1
113823753,2107705027,2022,1
113823753,35365511,2022,1
113823753,145642297,2022,1
113823753,2186062,2022,1
113823753,2943065,2022,1
1390147912,1903135946,2022,1
1390147912,2107705027,2022,1
1390147912,35365511,2022,1
1390147912,145642297,2022,1
1390147912,2186062,2022,1
1390147912,2943065,2022,1
1903135946,2107705027,2022,1
1903135946,35365511,2022,1
145642297,1903135946,2022,1
1903135946,2186062,2022,1
1903135946,2943065,2022,1
2107705027,35365511,2022,1
145642297,2107705027,2022,1
2107705027,2186062,2022,1
2107705027,2943065,2022,1
145642297,35365511,2022,1
2186062,35365511,2022,1
2943065,35365511,2022,1
145642297,2186062,2022,1
145642297,2943065,2022,1
5257377,81830454,2022,2
35657564,81830454,2022,1
1404622804,81830454,2022,2
143674561,81830454,2022,2
35657564,5257377,2022,1
115277605,5257377,2022,1
32281113,5257377,2022,1
1768830382,5257377,2022,2
1404622804,5257377,2022,2
2186062,5257377,2022,1
2797207,5257377,2022,1
115277605,35657564,2022,1
32281113,35657564,2022,1
1768830382,35657564,2022,1
1404622804,35657564,2022,1
2186062,35657564,2022,1
2797207,35657564,2022,1
2943065,35657564,2022,1
143674561,35657564,2022,1
115277605,1404622804,2022,1
115277605,143674561,2022,1
1404622804,32281113,2022,1
143674561,32281113,2022,1
1404622804,1768830382,2022,2
143674561,1768830382,2022,2
1404622804,2186062,2022,1
1404622804,2797207,2022,1
1404622804,2943065,2022,2
1404622804,143674561,2022,2
143674561,2186062,2022,1
143674561,2797207,2022,1
2047042958,5306981,2022,1
1484836547,5306981,2022,1
1768830382,2047042958,2022,1
1484836547,2047042958,2022,1
2047042958,2186062,2022,1
2047042958,2943065,2022,1
1484836547,1768830382,2022,1
1484836547,2186062,2022,2
1484836547,2943065,2022,2
144887941,5257377,2022,2
1404622804,144887941,2022,1
144887941,81830454,2022,1
144887941,1768830382,2022,1
143674561,144887941,2022,1
144887941,2943065,2022,2
7529320,7888233,2022,1
2055901792,7529320,2022,1
35960206,7529320,2022,1
152968602,7529320,2022,1
5560389,7529320,2022,1
2122834389,7529320,2022,1
6748897,7529320,2022,1
5814690,7529320,2022,1
48248616,7529320,2022,1
3797931,7529320,2022,1
3411491,7529320,2022,1
143738777,7529320,2022,1
2943065,7529320,2022,1
2055901792,7888233,2022,1
35960206,7888233,2022,1
152968602,7888233,2022,1
5560389,7888233,2022,1
2122834389,7888233,2022,1
6748897,7888233,2022,1
5814690,7888233,2022,1
48248616,7888233,2022,1
3797931,7888233,2022,1
3411491,7888233,2022,1
143738777,7888233,2022,1
2943065,7888233,2022,1
2055901792,35960206,2022,1
152968602,2055901792,2022,1
2055901792,5560389,2022,1
2055901792,2122834389,2022,1
2055901792,6748897,2022,1
2055901792,5814690,2022,1
2055901792,48248616,2022,1
2055901792,3797931,2022,1
2055901792,3411491,2022,1
143738777,2055901792,2022,1
2055901792,2943065,2022,1
152968602,35960206,2022,1
35960206,5560389,2022,1
2122834389,35960206,2022,1
35960206,6748897,2022,1
35960206,5814690,2022,1
35960206,48248616,2022,1
35960206,3797931,2022,1
3411491,35960206,2022,1
143738777,35960206,2022,1
2943065,35960206,2022,1
152968602,5560389,2022,1
152968602,2122834389,2022,1
152968602,6748897,2022,1
152968602,5814690,2022,1
152968602,48248616,2022,1
152968602,3797931,2022,1
152968602,3411491,2022,1
143738777,152968602,2022,1
152968602,2943065,2022,1
2122834389,5560389,2022,1
5560389,6748897,2022,1
5560389,5814690,2022,1
48248616,5560389,2022,1
3797931,5560389,2022,1
3411491,5560389,2022,1
143738777,5560389,2022,1
2943065,5560389,2022,1
2122834389,6748897,2022,1
2122834389,5814690,2022,1
2122834389,48248616,2022,1
2122834389,3797931,2022,1
2122834389,3411491,2022,1
143738777,2122834389,2022,1
2122834389,2943065,2022,1
5814690,6748897,2022,1
48248616,6748897,2022,1
3797931,6748897,2022,1
3411491,6748897,2022,1
143738777,6748897,2022,1
2943065,6748897,2022,1
48248616,5814690,2022,1
3797931,5814690,2022,1
3411491,5814690,2022,1
143738777,5814690,2022,1
2943065,5814690,2022,1
3797931,48248616,2022,1
3411491,48248616,2022,1
143738777,48248616,2022,1
2943065,48248616,2022,1
3411491,3797931,2022,1
143738777,3797931,2022,1
2943065,3797931,2022,1
143738777,3411491,2022,1
2943065,3411491,2022,1
143738777,2943065,2022,1
10670901,2163641193,2022,1
2044509855,2163641193,2022,1
11247119,2163641193,2022,1
2163641193,2163641838,2022,1
2142671088,2163641193,2022,1
2163641193,2163641803,2022,1
2163641193,2943065,2022,1
2163641193,2842620,2022,1
10670901,2044509855,2022,1
10670901,11247119,2022,1
10670901,2163641838,2022,1
10670901,2142671088,2022,1
10670901,2163641803,2022,1
10670901,2943065,2022,1
10670901,2842620,2022,1
11247119,2044509855,2022,1
2044509855,2163641838,2022,1
2044509855,2142671088,2022,1
2044509855,2163641803,2022,1
2044509855,2943065,2022,1
2044509855,2842620,2022,1
11247119,2163641838,2022,1
11247119,2142671088,2022,1
11247119,2163641803,2022,1
11247119,2943065,2022,1
11247119,2842620,2022,1
2142671088,2163641838,2022,1
2163641803,2163641838,2022,1
2163641838,2943065,2022,1
2163641838,2842620,2022,1
2142671088,2163641803,2022,1
2142671088,2943065,2022,1
2142671088,2842620,2022,1
2163641803,2943065,2022,1
2163641803,2842620,2022,1
2842620,2943065,2022,1
4505337,79583500,2022,1
1484836547,4505337,2022,1
2057515734,4505337,2022,1
2056639573,4505337,2022,1
2943065,4505337,2022,1
2186062,4505337,2022,1
1484836547,79583500,2022,1
2057515734,79583500,2022,1
2056639573,79583500,2022,1
2943065,79583500,2022,1
2186062,79583500,2022,1
1484836547,2057515734,2022,1
1484836547,2056639573,2022,1
2056639573,2057515734,2022,1
2057515734,2943065,2022,1
2057515734,2186062,2022,1
2056639573,2943065,2022,1
2056639573,2186062,2022,1
145056501,5257377,2022,1
2129510295,5257377,2022,1
2185810412,5257377,2022,1
2683022,5257377,2022,1
2129516817,5257377,2022,1
144887941,145056501,2022,1
145056501,2129510295,2022,1
145056501,2185810412,2022,1
145056501,2683022,2022,1
145056501,2943065,2022,1
145056501,2129516817,2022,1
144887941,2129510295,2022,1
144887941,2185810412,2022,1
144887941,2683022,2022,1
144887941,2129516817,2022,1
2129510295,2185810412,2022,1
2129510295,2683022,2022,1
2129510295,2943065,2022,1
2129510295,2129516817,2022,1
2185810412,2683022,2022,1
2185810412,2943065,2022,1
2129516817,2185810412,2022,1
2683022,2943065,2022,1
2129516817,2683022,2022,1
2129516817,2943065,2022,1
148176877,1576739598,2022,2
1576739598,30291444,2022,2
1576739598,2116149176,2022,2
147115675,1576739598,2022,2
153554698,1576739598,2022,2
1576739598,2660575,2022,2
1576739598,2310860,2022,2
148176877,30291444,2022,2
148176877,2116149176,2022,2
147115675,148176877,2022,2
148176877,153554698,2022,2
148176877,2660575,2022,4
148176877,2310860,2022,4
2116149176,30291444,2022,2
147115675,30291444,2022,2
153554698,30291444,2022,2
2660575,30291444,2022,2
2310860,30291444,2022,2
147115675,2116149176,2022,2
153554698,2116149176,2022,2
2116149176,2660575,2022,2
2116149176,2310860,2022,2
147115675,153554698,2022,2
147115675,2660575,2022,2
147115675,2310860,2022,2
153554698,2660575,2022,2
153554698,2310860,2022,2
2979537,7917904,2022,1
2660575,7917904,2022,1
2660575,2979537,2022,1
145046057,49707911,2022,4
145046057,8640622,2022,4
1400952802,145046057,2022,3
145046057,2093106291,2022,3
145046057,2660575,2022,3
145046057,2310860,2022,3
145046057,4486723,2022,3
49707911,8640622,2022,4
1400952802,49707911,2022,3
2093106291,49707911,2022,3
2660575,49707911,2022,3
2310860,49707911,2022,3
4486723,49707911,2022,3
1400952802,8640622,2022,3
2093106291,8640622,2022,3
2660575,8640622,2022,3
2310860,8640622,2022,3
4486723,8640622,2022,3
1400952802,2093106291,2022,3
1400952802,2660575,2022,3
1400952802,2310860,2022,3
1400952802,4486723,2022,3
2093106291,2660575,2022,3
2093106291,2310860,2022,3
2093106291,4486723,2022,3
2660575,4486723,2022,3
2310860,4486723,2022,3
148176877,51243417,2022,2
2058680709,51243417,2022,2
148176877,2058680709,2022,2
2058680709,2310860,2022,2
2058680709,2660575,2022,2
2070589931,2182522314,2022,3
1484791758,2070589931,2022,3
2070589931,50723116,2022,3
2057982977,2070589931,2022,3
2070589931,48175429,2022,3
2070589931,29438845,2022,3
2070589931,3391180,2022,3
1484791758,2182522314,2022,3
2182522314,50723116,2022,3
2057982977,2182522314,2022,3
2182522314,48175429,2022,3
2182522314,29438845,2022,3
2182522314,3391180,2022,3
1484791758,50723116,2022,3
1484791758,2057982977,2022,3
1484791758,48175429,2022,3
1484791758,29438845,2022,3
1484791758,3391180,2022,3
2057982977,50723116,2022,3
48175429,50723116,2022,3
29438845,50723116,2022,3
3391180,50723116,2022,3
2057982977,48175429,2022,3
2057982977,29438845,2022,3
2057982977,3391180,2022,3
29438845,48175429,2022,3
3391180,48175429,2022,3
29438845,3391180,2022,3
2788519,52226829,2022,1
3391180,52226829,2022,1
2057064256,52226829,2022,1
2788519,3391180,2022,1
2057064256,2788519,2022,1
2057064256,3391180,2022,1
1394936279,51465221,2022,1
1394936279,2156059229,2022,1
1394936279,2067210235,2022,1
1394936279,46257803,2022,1
1394936279,29113221,2022,1
1394936279,2219902,2022,1
1394936279,5503019,2022,1
2156059229,51465221,2022,1
2067210235,51465221,2022,1
46257803,51465221,2022,1
29113221,51465221,2022,1
2219902,51465221,2022,1
51465221,5503019,2022,1
2067210235,2156059229,2022,1
2156059229,46257803,2022,1
2156059229,29113221,2022,1
2156059229,2219902,2022,1
2156059229,5503019,2022,1
2067210235,46257803,2022,1
2067210235,29113221,2022,1
2067210235,2219902,2022,1
2067210235,5503019,2022,1
29113221,46257803,2022,3
2219902,46257803,2022,1
46257803,5503019,2022,1
2219902,29113221,2022,1
29113221,5503019,2022,1
2219902,5503019,2022,1
46257803,50016111,2022,2
2153192429,50016111,2022,1
32725984,50016111,2022,1
2086689908,50016111,2022,2
29113221,50016111,2022,2
2153192429,46257803,2022,1
32725984,46257803,2022,1
2086689908,46257803,2022,2
2153192429,32725984,2022,1
2086689908,2153192429,2022,1
2153192429,29113221,2022,1
2086689908,32725984,2022,1
29113221,32725984,2022,1
2086689908,29113221,2022,2
2146723179,5042985,2022,1
5042985,98572944,2022,1
148117903,5042985,2022,1
2184129577,5042985,2022,1
4952621,5042985,2022,1
29113221,5042985,2022,1
2146723179,98572944,2022,1
148117903,2146723179,2022,1
2146723179,2184129577,2022,1
2146723179,4952621,2022,2
2146723179,29113221,2022,1
148117903,98572944,2022,1
2184129577,98572944,2022,1
4952621,98572944,2022,1
29113221,98572944,2022,1
148117903,2184129577,2022,1
148117903,4952621,2022,1
148117903,29113221,2022,1
2184129577,4952621,2022,1
2184129577,29113221,2022,1
29113221,4952621,2022,3
50016111,90208518,2022,1
41198672,50016111,2022,1
2190591232,50016111,2022,1
46257803,90208518,2022,1
41198672,46257803,2022,1
2190591232,46257803,2022,1
2086689908,90208518,2022,1
41198672,90208518,2022,1
2190591232,90208518,2022,1
29113221,90208518,2022,1
2086689908,41198672,2022,1
2086689908,2190591232,2022,1
2190591232,41198672,2022,1
29113221,41198672,2022,1
2190591232,29113221,2022,1
2092771723,83542295,2022,1
2092771723,29113221,2022,1
29113221,83542295,2022,1
50389402,50601426,2022,2
2014607,50389402,2022,2
2162403821,50389402,2022,2
41135969,50389402,2022,2
150898068,50389402,2022,2
29113221,50389402,2022,2
2449352,50389402,2022,2
4952621,50389402,2022,2
32590564,50389402,2022,2
2014607,50601426,2022,2
2162403821,50601426,2022,2
41135969,50601426,2022,2
150898068,50601426,2022,2
29113221,50601426,2022,2
2449352,50601426,2022,2
4952621,50601426,2022,2
32590564,50601426,2022,2
2014607,2162403821,2022,2
2014607,41135969,2022,2
150898068,2014607,2022,2
2014607,29113221,2022,2
2014607,2449352,2022,2
2014607,4952621,2022,2
2014607,32590564,2022,2
2162403821,41135969,2022,2
150898068,2162403821,2022,2
2162403821,29113221,2022,2
2162403821,2449352,2022,2
2162403821,4952621,2022,2
2162403821,32590564,2022,2
150898068,41135969,2022,2
29113221,41135969,2022,2
2449352,41135969,2022,2
41135969,4952621,2022,2
32590564,41135969,2022,2
150898068,29113221,2022,2
150898068,2449352,2022,2
150898068,4952621,2022,2
150898068,32590564,2022,2
2449352,29113221,2022,2
29113221,32590564,2022,2
2449352,4952621,2022,3
2449352,32590564,2022,2
32590564,4952621,2022,2
1736722550,29113221,2022,1
1736722550,32567877,2022,1
1736722550,46942377,2022,1
1736722550,3723702,2022,1
29113221,32567877,2022,1
29113221,46942377,2022,1
29113221,3723702,2022,1
32567877,46942377,2022,1
32567877,3723702,2022,1
3723702,46942377,2022,1
1794957,38615715,2022,1
38615715,98454679,2022,1
11751685,38615715,2022,1
3172681,38615715,2022,1
38615715,70184083,2022,1
38615715,9858823,2022,1
38615715,5174017,2022,1
145215895,38615715,2022,1
2354970,38615715,2022,1
2166345507,38615715,2022,1
2140533,38615715,2022,1
38615715,4544042,2022,1
38615715,4168564,2022,1
38615715,3879996,2022,1
38615715,4146991,2022,1
29113221,38615715,2022,1
2053930466,38615715,2022,1
103339076,38615715,2022,1
1794957,98454679,2022,1
11751685,1794957,2022,1
1794957,3172681,2022,1
1794957,70184083,2022,1
1794957,9858823,2022,1
1794957,5174017,2022,1
145215895,1794957,2022,1
1794957,2354970,2022,1
1794957,2166345507,2022,1
1794957,2140533,2022,1
1794957,4544042,2022,1
1794957,4168564,2022,1
1794957,3879996,2022,1
1794957,4146991,2022,1
1794957,29113221,2022,1
1794957,2053930466,2022,1
103339076,1794957,2022,1
11751685,98454679,2022,1
3172681,98454679,2022,1
70184083,98454679,2022,1
98454679,9858823,2022,1
5174017,98454679,2022,1
145215895,98454679,2022,1
2354970,98454679,2022,1
2166345507,98454679,2022,1
2140533,98454679,2022,1
4544042,98454679,2022,1
4168564,98454679,2022,1
3879996,98454679,2022,1
4146991,98454679,2022,1
29113221,98454679,2022,1
2053930466,98454679,2022,1
103339076,98454679,2022,1
11751685,3172681,2022,1
11751685,70184083,2022,1
11751685,9858823,2022,1
11751685,5174017,2022,1
11751685,145215895,2022,1
11751685,2354970,2022,1
11751685,2166345507,2022,1
11751685,2140533,2022,1
11751685,4544042,2022,1
11751685,4168564,2022,1
11751685,3879996,2022,1
11751685,4146991,2022,1
11751685,29113221,2022,1
11751685,2053930466,2022,1
103339076,11751685,2022,1
3172681,70184083,2022,1
3172681,9858823,2022,1
3172681,5174017,2022,1
145215895,3172681,2022,1
2354970,3172681,2022,1
2166345507,3172681,2022,1
2140533,3172681,2022,1
3172681,4544042,2022,1
3172681,4168564,2022,1
3172681,3879996,2022,1
3172681,4146991,2022,1
29113221,3172681,2022,1
2053930466,3172681,2022,1
103339076,3172681,2022,1
70184083,9858823,2022,1
5174017,70184083,2022,1
145215895,70184083,2022,1
2354970,70184083,2022,1
2166345507,70184083,2022,1
2140533,70184083,2022,1
4544042,70184083,2022,1
4168564,70184083,2022,1
3879996,70184083,2022,1
4146991,70184083,2022,1
29113221,70184083,2022,1
2053930466,70184083,2022,1
103339076,70184083,2022,1
5174017,9858823,2022,1
145215895,9858823,2022,1
2354970,9858823,2022,1
2166345507,9858823,2022,1
2140533,9858823,2022,1
4544042,9858823,2022,1
4168564,9858823,2022,1
3879996,9858823,2022,1
4146991,9858823,2022,1
29113221,9858823,2022,1
2053930466,9858823,2022,1
103339076,9858823,2022,1
145215895,5174017,2022,1
2354970,5174017,2022,1
2166345507,5174017,2022,1
2140533,5174017,2022,1
4544042,5174017,2022,1
4168564,5174017,2022,1
3879996,5174017,2022,1
4146991,5174017,2022,1
29113221,5174017,2022,1
2053930466,5174017,2022,1
103339076,5174017,2022,1
145215895,2354970,2022,1
145215895,2166345507,2022,1
145215895,2140533,2022,1
145215895,4544042,2022,1
145215895,4168564,2022,1
145215895,3879996,2022,1
145215895,4146991,2022,1
145215895,29113221,2022,1
145215895,2053930466,2022,1
103339076,145215895,2022,1
2166345507,2354970,2022,1
2140533,2354970,2022,1
2354970,4544042,2022,1
2354970,4168564,2022,1
2354970,3879996,2022,1
2354970,4146991,2022,1
2354970,29113221,2022,1
2053930466,2354970,2022,1
103339076,2354970,2022,1
2140533,2166345507,2022,1
2166345507,4544042,2022,1
2166345507,4168564,2022,1
2166345507,3879996,2022,1
2166345507,4146991,2022,1
2166345507,29113221,2022,1
2053930466,2166345507,2022,1
103339076,2166345507,2022,1
2140533,4544042,2022,1
2140533,4168564,2022,1
2140533,3879996,2022,1
2140533,4146991,2022,1
2140533,29113221,2022,1
2053930466,2140533,2022,1
103339076,2140533,2022,1
4168564,4544042,2022,1
3879996,4544042,2022,1
4146991,4544042,2022,1
29113221,4544042,2022,1
2053930466,4544042,2022,1
103339076,4544042,2022,1
3879996,4168564,2022,1
4146991,4168564,2022,1
29113221,4168564,2022,1
2053930466,4168564,2022,1
103339076,4168564,2022,1
3879996,4146991,2022,1
29113221,3879996,2022,1
2053930466,3879996,2022,1
103339076,3879996,2022,1
29113221,4146991,2022,1
2053930466,4146991,2022,1
103339076,4146991,2022,1
2053930466,29113221,2022,1
103339076,29113221,2022,1
103339076,2053930466,2022,1
2183785125,52206144,2022,2
17845906,52206144,2022,2
2310860,52206144,2022,2
3096649,52206144,2022,2
17845906,2183785125,2022,2
2183785125,2310860,2022,2
2183785125,3096649,2022,2
17845906,2310860,2022,2
17845906,3096649,2022,2
2310860,3096649,2022,2
38798234,5988360,2022,3
38798234,79055117,2022,1
38798234,4444363,2022,3
3149509,38798234,2022,3
5988360,79055117,2022,1
4444363,5988360,2022,3
3149509,5988360,2022,3
4444363,79055117,2022,1
3149509,79055117,2022,1
3149509,4444363,2022,3
15601437,2107269101,2022,1
2107269101,31538993,2022,1
2107269101,49666466,2022,1
2107269101,4444363,2022,1
15601437,31538993,2022,1
15601437,49666466,2022,1
15601437,4444363,2022,1
31538993,49666466,2022,1
31538993,4444363,2022,1
4444363,49666466,2022,1
32329053,40956171,2022,1
123735797,40956171,2022,1
40956171,6457169,2022,1
40956171,88548147,2022,1
2132460561,40956171,2022,1
32629487,40956171,2022,1
40956171,49579500,2022,1
40956171,4444363,2022,1
123735797,32329053,2022,1
32329053,6457169,2022,1
32329053,88548147,2022,1
2132460561,32329053,2022,1
32329053,32629487,2022,1
32329053,49579500,2022,1
32329053,4444363,2022,1
123735797,6457169,2022,1
123735797,88548147,2022,1
123735797,2132460561,2022,1
123735797,32629487,2022,1
123735797,49579500,2022,1
123735797,4444363,2022,1
6457169,88548147,2022,1
2132460561,6457169,2022,1
32629487,6457169,2022,1
49579500,6457169,2022,1
4444363,6457169,2022,1
2132460561,88548147,2022,1
32629487,88548147,2022,1
49579500,88548147,2022,1
4444363,88548147,2022,1
2132460561,32629487,2022,1
2132460561,49579500,2022,1
2132460561,4444363,2022,1
32629487,49579500,2022,1
32629487,4444363,2022,1
4444363,49579500,2022,1
144991736,1572137256,2022,1
144991736,3149509,2022,1
144991736,5988360,2022,1
144991736,4444363,2022,1
144991736,38798234,2022,1
1572137256,3149509,2022,1
1572137256,5988360,2022,1
1572137256,4444363,2022,1
1572137256,38798234,2022,1
144887362,47317563,2022,1
144887362,2156298360,2022,1
114714151,144887362,2022,1
144887362,1810682820,2022,1
116764123,144887362,2022,1
144887362,147107515,2022,1
144887362,83531627,2022,1
144887362,5431332,2022,1
104605782,144887362,2022,1
144887362,14763646,2022,1
144887362,4444363,2022,1
2156298360,47317563,2022,1
114714151,47317563,2022,1
1810682820,47317563,2022,3
116764123,47317563,2022,1
147107515,47317563,2022,1
47317563,83531627,2022,2
47317563,5431332,2022,1
104605782,47317563,2022,1
14763646,47317563,2022,1
4444363,47317563,2022,3
114714151,2156298360,2022,1
1810682820,2156298360,2022,1
116764123,2156298360,2022,1
147107515,2156298360,2022,1
2156298360,83531627,2022,1
2156298360,5431332,2022,1
104605782,2156298360,2022,1
14763646,2156298360,2022,1
2156298360,4444363,2022,1
114714151,1810682820,2022,1
114714151,116764123,2022,1
114714151,147107515,2022,1
114714151,83531627,2022,1
114714151,5431332,2022,1
104605782,114714151,2022,1
114714151,14763646,2022,1
114714151,4444363,2022,1
116764123,1810682820,2022,1
147107515,1810682820,2022,1
1810682820,83531627,2022,2
1810682820,5431332,2022,1
104605782,1810682820,2022,1
14763646,1810682820,2022,1
1810682820,4444363,2022,4
116764123,147107515,2022,1
116764123,83531627,2022,1
116764123,5431332,2022,1
104605782,116764123,2022,1
116764123,14763646,2022,1
116764123,4444363,2022,1
147107515,83531627,2022,1
147107515,5431332,2022,1
104605782,147107515,2022,1
147107515,14763646,2022,1
147107515,4444363,2022,1
5431332,83531627,2022,1
104605782,83531627,2022,1
14763646,83531627,2022,1
4444363,83531627,2022,2
104605782,5431332,2022,1
14763646,5431332,2022,1
4444363,5431332,2022,1
104605782,14763646,2022,1
104605782,4444363,2022,1
14763646,4444363,2022,1
1403293709,1415954752,2022,1
1415954752,4444363,2022,1
1403293709,4444363,2022,1
2030989481,39559297,2022,1
1491279357,39559297,2022,1
39559297,7751559,2022,1
39559297,4444363,2022,1
1491279357,2030989481,2022,1
2030989481,7751559,2022,1
2030989481,4444363,2022,1
1491279357,7751559,2022,1
1491279357,4444363,2022,1
4444363,7751559,2022,1
2140310291,2183035237,2022,1
2183035237,31040132,2022,1
2183035237,4444363,2022,1
1810682820,2183035237,2022,1
2140310291,31040132,2022,1
2140310291,4444363,2022,1
1810682820,2140310291,2022,1
31040132,4444363,2022,1
1810682820,31040132,2022,1
37405703,4444363,2022,1
37227602,4444363,2022,1
4444363,51102194,2022,1
4444363,6939005,2022,1
4444363,8159136,2022,1
10152033,4444363,2022,1
37227602,37405703,2022,1
37405703,51102194,2022,1
37405703,6939005,2022,1
37405703,8159136,2022,1
10152033,37405703,2022,1
37227602,51102194,2022,1
37227602,6939005,2022,1
37227602,8159136,2022,1
10152033,37227602,2022,1
51102194,6939005,2022,1
51102194,8159136,2022,1
10152033,51102194,2022,1
6939005,8159136,2022,1
10152033,6939005,2022,1
10152033,8159136,2022,1
2047705320,4444363,2022,1
1810682820,2047705320,2022,1
2047705320,47317563,2022,1
2142593959,38798234,2022,1
2142593959,5988360,2022,1
2142593959,4444363,2022,1
2142593959,3149509,2022,1
5691858,8640622,2022,1
49707911,5691858,2022,1
145046057,5691858,2022,1
145046057,2163442498,2022,1
116558890,2163442498,2022,1
2163442498,6030950,2022,1
2163442498,4482513,2022,1
116558890,145046057,2022,1
145046057,6030950,2022,1
145046057,4482513,2022,1
116558890,6030950,2022,1
116558890,4482513,2022,1
4482513,6030950,2022,1
1657665595,49936453,2022,1
1657665595,8726123,2022,1
145046057,1657665595,2022,1
1657665595,65967528,2022,1
12800111,1657665595,2022,1
1402787963,1657665595,2022,1
1657665595,46480886,2022,1
49936453,8726123,2022,1
145046057,49936453,2022,1
49936453,65967528,2022,1
12800111,49936453,2022,1
1402787963,49936453,2022,1
46480886,49936453,2022,1
145046057,8726123,2022,1
65967528,8726123,2022,1
12800111,8726123,2022,1
1402787963,8726123,2022,1
46480886,8726123,2022,1
145046057,65967528,2022,1
12800111,145046057,2022,1
1402787963,145046057,2022,1
145046057,46480886,2022,1
12800111,65967528,2022,1
1402787963,65967528,2022,1
46480886,65967528,2022,1
12800111,1402787963,2022,1
12800111,46480886,2022,1
1402787963,46480886,2022,1
3383244,8698320,2022,1
49207148,8698320,2022,1
38424057,8698320,2022,1
145046057,8698320,2022,1
3291863,8698320,2022,1
2328040,8698320,2022,1
144595469,8698320,2022,1
3178718,8698320,2022,1
3383244,49207148,2022,1
3383244,38424057,2022,1
145046057,3383244,2022,1
3291863,3383244,2022,1
2328040,3383244,2022,1
144595469,3383244,2022,1
3178718,3383244,2022,1
38424057,49207148,2022,1
145046057,49207148,2022,1
3291863,49207148,2022,1
2328040,49207148,2022,1
144595469,49207148,2022,1
3178718,49207148,2022,1
145046057,38424057,2022,1
3291863,38424057,2022,1
2328040,38424057,2022,1
144595469,38424057,2022,1
3178718,38424057,2022,1
145046057,3291863,2022,1
145046057,2328040,2022,1
144595469,145046057,2022,1
145046057,3178718,2022,1
2328040,3291863,2022,1
144595469,3291863,2022,1
3178718,3291863,2022,1
144595469,2328040,2022,1
2328040,3178718,2022,1
144595469,3178718,2022,1
2153955561,46298112,2022,1
2117851505,2153955561,2022,1
2153955561,5452350,2022,1
2153955561,35124650,2022,1
2153951948,2153955561,2022,1
1482438233,2153955561,2022,1
2153955561,2153961873,2022,1
2153955561,2208469,2022,1
2117851505,46298112,2022,1
46298112,5452350,2022,1
35124650,46298112,2022,1
2153951948,46298112,2022,1
1482438233,46298112,2022,1
2153961873,46298112,2022,1
2208469,46298112,2022,1
2117851505,5452350,2022,1
2117851505,35124650,2022,1
2117851505,2153951948,2022,1
1482438233,2117851505,2022,1
2117851505,2153961873,2022,1
2117851505,2208469,2022,1
35124650,5452350,2022,1
2153951948,5452350,2022,1
1482438233,5452350,2022,1
2153961873,5452350,2022,1
2208469,5452350,2022,1
2153951948,35124650,2022,1
1482438233,35124650,2022,1
2153961873,35124650,2022,1
2208469,35124650,2022,1
1482438233,2153951948,2022,1
2153951948,2153961873,2022,1
2153951948,2208469,2022,1
1482438233,2153961873,2022,1
1482438233,2208469,2022,1
2153961873,2208469,2022,1
1580569014,2112231565,2022,1
1580569014,30775671,2022,1
1580569014,30896160,2022,1
1580569014,1732789,2022,1
2112231565,30775671,2022,1
2112231565,30896160,2022,1
1732789,2112231565,2022,3
30775671,30896160,2022,1
1732789,30775671,2022,1
1732789,30896160,2022,1
1732789,2108583280,2022,3
1732789,22756443,2022,1
1732789,2114763663,2022,1
12892793,1732789,2022,2
2112231565,22756443,2022,1
2112231565,2114763663,2022,1
12892793,2112231565,2022,2
2114763663,22756443,2022,1
12892793,22756443,2022,1
12892793,2114763663,2022,1
2108583280,2155447865,2022,1
2108583280,3195774,2022,2
2108583280,2119229809,2022,1
2155447865,3195774,2022,1
2119229809,2155447865,2022,1
1732789,2155447865,2022,1
2119229809,3195774,2022,1
1732789,3195774,2022,2
1732789,2119229809,2022,1
144317022,1732789,2022,1
144317022,2112231565,2022,1
12892793,144317022,2022,1
2066807236,51245714,2022,1
51245714,51251600,2022,1
2165597662,51245714,2022,1
2086689908,51245714,2022,1
2146723179,51245714,2022,1
2449352,51245714,2022,1
2165611865,51245714,2022,1
4952621,51245714,2022,1
2066807236,51251600,2022,1
2066807236,2165597662,2022,1
2066807236,2086689908,2022,1
2066807236,2146723179,2022,1
2066807236,2449352,2022,1
2066807236,2165611865,2022,1
2066807236,4952621,2022,1
2165597662,51251600,2022,1
2086689908,51251600,2022,1
2146723179,51251600,2022,1
2449352,51251600,2022,1
2165611865,51251600,2022,1
4952621,51251600,2022,1
2086689908,2165597662,2022,1
2146723179,2165597662,2022,1
2165597662,2449352,2022,1
2165597662,2165611865,2022,1
2165597662,4952621,2022,1
2086689908,2146723179,2022,1
2086689908,2449352,2022,1
2086689908,2165611865,2022,1
2086689908,4952621,2022,1
2146723179,2449352,2022,1
2146723179,2165611865,2022,1
2165611865,2449352,2022,1
2165611865,4952621,2022,1
1390019237,1432989572,2022,1
1390019237,6193235,2022,1
1390019237,6117689,2022,1
1390019237,2046942150,2022,1
1390019237,153188401,2022,1
1390019237,4658331,2022,1
1390019237,1401427257,2022,1
1390019237,4333810,2022,1
1390019237,47923072,2022,1
1390019237,3722234,2022,1
1390019237,2153666068,2022,1
1390019237,2449352,2022,1
1390019237,2735233,2022,1
1432989572,6193235,2022,1
1432989572,6117689,2022,1
1432989572,2046942150,2022,1
1432989572,153188401,2022,1
1432989572,4658331,2022,1
1401427257,1432989572,2022,1
1432989572,4333810,2022,1
1432989572,47923072,2022,1
1432989572,3722234,2022,1
1432989572,2153666068,2022,1
1432989572,2449352,2022,1
1432989572,2735233,2022,1
6117689,6193235,2022,1
2046942150,6193235,2022,1
153188401,6193235,2022,1
4658331,6193235,2022,1
1401427257,6193235,2022,1
4333810,6193235,2022,1
47923072,6193235,2022,1
3722234,6193235,2022,1
2153666068,6193235,2022,1
2449352,6193235,2022,1
2735233,6193235,2022,1
2046942150,6117689,2022,1
153188401,6117689,2022,1
4658331,6117689,2022,1
1401427257,6117689,2022,1
4333810,6117689,2022,1
47923072,6117689,2022,1
3722234,6117689,2022,1
2153666068,6117689,2022,1
2449352,6117689,2022,1
2735233,6117689,2022,1
153188401,2046942150,2022,1
2046942150,4658331,2022,1
1401427257,2046942150,2022,1
2046942150,4333810,2022,1
2046942150,47923072,2022,1
2046942150,3722234,2022,1
2046942150,2153666068,2022,1
2046942150,2449352,2022,1
2046942150,2735233,2022,1
153188401,4658331,2022,1
1401427257,153188401,2022,1
153188401,4333810,2022,1
153188401,47923072,2022,1
153188401,3722234,2022,1
153188401,2153666068,2022,1
153188401,2449352,2022,1
153188401,2735233,2022,1
1401427257,4658331,2022,1
4333810,4658331,2022,1
4658331,47923072,2022,1
3722234,4658331,2022,1
2153666068,4658331,2022,1
2449352,4658331,2022,1
2735233,4658331,2022,1
1401427257,4333810,2022,1
1401427257,47923072,2022,1
1401427257,3722234,2022,1
1401427257,2153666068,2022,1
1401427257,2449352,2022,1
1401427257,2735233,2022,1
4333810,47923072,2022,1
3722234,4333810,2022,1
2153666068,4333810,2022,1
2449352,4333810,2022,1
2735233,4333810,2022,1
3722234,47923072,2022,1
2153666068,47923072,2022,1
2449352,47923072,2022,1
2735233,47923072,2022,1
2153666068,3722234,2022,1
2449352,3722234,2022,1
2735233,3722234,2022,1
2153666068,2449352,2022,1
2153666068,2735233,2022,1
2449352,2735233,2022,1
1396267677,152456441,2022,1
151185022,152456441,2022,1
152456441,1951574914,2022,1
15239818,152456441,2022,2
152456441,2800259,2022,2
152456441,2670026,2022,2
1396267677,151185022,2022,1
1396267677,1951574914,2022,1
1396267677,15239818,2022,1
1396267677,2800259,2022,1
1396267677,2670026,2022,1
151185022,1951574914,2022,1
151185022,15239818,2022,1
151185022,2800259,2022,1
151185022,2670026,2022,1
15239818,1951574914,2022,1
1951574914,2800259,2022,1
1951574914,2670026,2022,1
15239818,2800259,2022,2
15239818,2670026,2022,2
2670026,2800259,2022,3
107685901,2113954636,2022,1
107685901,2800259,2022,1
107685901,35596013,2022,1
107685901,144317022,2022,1
107685901,5567501,2022,1
2113954636,2800259,2022,1
2113954636,35596013,2022,1
144317022,2113954636,2022,1
2113954636,5567501,2022,1
2800259,35596013,2022,1
144317022,2800259,2022,1
2800259,5567501,2022,1
144317022,35596013,2022,1
35596013,5567501,2022,1
144317022,5567501,2022,1
2080343672,2184503088,2022,1
2064248895,2080343672,2022,2
2080343672,2800259,2022,2
2080343672,40585346,2022,1
2080343672,2670026,2022,2
2064248895,2184503088,2022,1
2184503088,2800259,2022,1
2184503088,40585346,2022,1
2184503088,2670026,2022,1
2064248895,2800259,2022,2
2064248895,40585346,2022,1
2064248895,2670026,2022,2
2800259,40585346,2022,1
2670026,40585346,2022,1
2183793591,3386132,2022,1
144248501,2183793591,2022,1
2120795,2183793591,2022,1
2183793591,2800259,2022,1
144248501,3386132,2022,1
2120795,3386132,2022,1
2800259,3386132,2022,1
144248501,2120795,2022,1
144248501,2800259,2022,1
2120795,2800259,2022,1
2396932,30238172,2022,1
2800259,30238172,2022,1
2396932,2800259,2022,1
152456441,5360599,2022,1
152456441,2064927085,2022,1
152456441,2185320075,2022,1
152456441,2124934077,2022,1
152456441,2064248895,2022,1
152456441,2080343672,2022,1
152456441,2141926153,2022,1
152456441,2185303101,2022,1
152456441,2185319836,2022,1
152456441,7499422,2022,1
2064927085,5360599,2022,1
2185320075,5360599,2022,1
2124934077,5360599,2022,1
2064248895,5360599,2022,1
2080343672,5360599,2022,1
2141926153,5360599,2022,1
2185303101,5360599,2022,1
15239818,5360599,2022,1
2185319836,5360599,2022,1
2800259,5360599,2022,1
5360599,7499422,2022,1
2670026,5360599,2022,1
2064927085,2185320075,2022,1
2064927085,2124934077,2022,1
2064248895,2064927085,2022,1
2064927085,2080343672,2022,1
2064927085,2141926153,2022,1
2064927085,2185303101,2022,1
15239818,2064927085,2022,1
2064927085,2185319836,2022,1
2064927085,2800259,2022,1
2064927085,7499422,2022,1
2064927085,2670026,2022,1
2124934077,2185320075,2022,1
2064248895,2185320075,2022,1
2080343672,2185320075,2022,1
2141926153,2185320075,2022,1
2185303101,2185320075,2022,1
15239818,2185320075,2022,1
2185319836,2185320075,2022,1
2185320075,2800259,2022,1
2185320075,7499422,2022,1
2185320075,2670026,2022,1
2064248895,2124934077,2022,1
2080343672,2124934077,2022,1
2124934077,2141926153,2022,1
2124934077,2185303101,2022,1
15239818,2124934077,2022,1
2124934077,2185319836,2022,1
2124934077,2800259,2022,1
2124934077,7499422,2022,1
2124934077,2670026,2022,1
2064248895,2141926153,2022,1
2064248895,2185303101,2022,1
15239818,2064248895,2022,1
2064248895,2185319836,2022,1
2064248895,7499422,2022,1
2080343672,2141926153,2022,1
2080343672,2185303101,2022,1
15239818,2080343672,2022,1
2080343672,2185319836,2022,1
2080343672,7499422,2022,1
2141926153,2185303101,2022,1
15239818,2141926153,2022,1
2141926153,2185319836,2022,1
2141926153,2800259,2022,1
2141926153,7499422,2022,1
2141926153,2670026,2022,1
15239818,2185303101,2022,1
2185303101,2185319836,2022,1
2185303101,2800259,2022,1
2185303101,7499422,2022,1
2185303101,2670026,2022,1
15239818,2185319836,2022,1
15239818,7499422,2022,1
2185319836,2800259,2022,1
2185319836,7499422,2022,1
2185319836,2670026,2022,1
2800259,7499422,2022,1
2670026,7499422,2022,1
2070589931,7373730,2022,3
1387936232,7373730,2022,3
24964059,7373730,2022,3
2917010,7373730,2022,3
1387936232,2070589931,2022,3
2070589931,24964059,2022,3
2070589931,2917010,2022,3
1387936232,24964059,2022,3
1387936232,2917010,2022,3
24964059,2917010,2022,3
1387936232,1612340138,2022,5
1612340138,2229958,2022,2
1387936232,2229958,2022,2
147115675,1612340138,2022,1
147115675,84101078,2022,1
147115675,2165226791,2022,1
147115675,152916042,2022,1
143750914,147115675,2022,1
147115675,18097270,2022,1
1387936232,147115675,2022,1
1612340138,84101078,2022,1
1612340138,2165226791,2022,1
152916042,1612340138,2022,1
143750914,1612340138,2022,1
1612340138,18097270,2022,1
2165226791,84101078,2022,1
152916042,84101078,2022,1
143750914,84101078,2022,1
18097270,84101078,2022,1
1387936232,84101078,2022,1
152916042,2165226791,2022,1
143750914,2165226791,2022,1
18097270,2165226791,2022,1
1387936232,2165226791,2022,1
143750914,152916042,2022,1
152916042,18097270,2022,1
1387936232,152916042,2022,1
143750914,18097270,2022,1
1387936232,143750914,2022,1
1387936232,18097270,2022,1
1612340138,46370057,2022,2
1387936232,46370057,2022,2
31975869,7373730,2022,3
39416735,83062981,2022,1
51113644,83062981,2022,1
6096708,83062981,2022,1
46404403,83062981,2022,1
11726677,83062981,2022,1
49524106,83062981,2022,1
7373730,83062981,2022,1
34567297,83062981,2022,1
1384095358,83062981,2022,1
1781229,83062981,2022,1
39416735,51113644,2022,1
39416735,6096708,2022,1
39416735,46404403,2022,1
11726677,39416735,2022,1
39416735,49524106,2022,1
39416735,7373730,2022,1
34567297,39416735,2022,1
1384095358,39416735,2022,1
1781229,39416735,2022,1
51113644,6096708,2022,1
46404403,51113644,2022,1
11726677,51113644,2022,1
49524106,51113644,2022,1
51113644,7373730,2022,1
34567297,51113644,2022,1
1384095358,51113644,2022,1
1781229,51113644,2022,1
46404403,6096708,2022,1
11726677,6096708,2022,1
49524106,6096708,2022,1
6096708,7373730,2022,1
34567297,6096708,2022,1
1384095358,6096708,2022,1
1781229,6096708,2022,1
11726677,46404403,2022,1
46404403,49524106,2022,1
46404403,7373730,2022,1
34567297,46404403,2022,1
1384095358,46404403,2022,1
1781229,46404403,2022,1
11726677,49524106,2022,1
11726677,7373730,2022,1
11726677,34567297,2022,1
11726677,1384095358,2022,1
11726677,1781229,2022,1
49524106,7373730,2022,1
34567297,49524106,2022,1
1384095358,49524106,2022,1
1781229,49524106,2022,1
34567297,7373730,2022,1
1384095358,7373730,2022,1
1781229,7373730,2022,1
1384095358,34567297,2022,1
1781229,34567297,2022,1
1384095358,1781229,2022,1
2070083553,7373730,2022,2
2165304438,7373730,2022,1
2152687127,3081457,2022,1
1389622569,3081457,2022,2
1709304,3081457,2022,2
1400632409,3081457,2022,2
3081457,7373730,2022,2
1389622569,2152687127,2022,1
1709304,2152687127,2022,1
1400632409,2152687127,2022,1
2152687127,7373730,2022,1
1389622569,1709304,2022,2
1389622569,1400632409,2022,2
1389622569,7373730,2022,2
1400632409,1709304,2022,2
1709304,7373730,2022,2
1400632409,7373730,2022,2
2246572,3081457,2022,1
1389622569,2246572,2022,1
1709304,2246572,2022,1
1400632409,2246572,2022,1
2246572,7373730,2022,1
3450084,6032938,2022,1
6032938,7373730,2022,1
2070083553,6032938,2022,1
3450084,7373730,2022,1
2070083553,3450084,2022,1
2724834,8897266,2022,1
8897266,92332427,2022,1
145649992,8897266,2022,1
7373730,8897266,2022,1
2724834,92332427,2022,1
145649992,2724834,2022,1
2724834,7373730,2022,1
145649992,92332427,2022,1
7373730,92332427,2022,1
145649992,7373730,2022,1
2074046771,2513267,2022,2
1945992,2513267,2022,2
1945992,2074046771,2022,2
2513267,31084767,2022,1
2011787,2513267,2022,1
2074046771,31084767,2022,1
2011787,31084767,2022,1
1945992,31084767,2022,1
2011787,2074046771,2022,1
1945992,2011787,2022,2
1945992,51240232,2022,2
1745569,51240232,2022,1
1745569,1945992,2022,2
144182059,1945992,2022,1
2771794,79981412,2022,1
1945992,79981412,2022,1
1945992,2771794,2022,2
2195057310,2880878,2022,1
1945992,2195057310,2022,1
1745569,2195057310,2022,1
145666661,2195057310,2022,1
1945992,2880878,2022,1
1745569,2880878,2022,1
145666661,2880878,2022,1
145666661,1945992,2022,1
145666661,1745569,2022,1
1646498119,39565577,2022,1
1945992,39565577,2022,1
2771794,39565577,2022,1
1646498119,1945992,2022,1
1646498119,2771794,2022,1
1945992,34228632,2022,1
2011787,34228632,2022,1
