144818427,46666242,2019,1
1409432424,46666242,2019,2
46666242,47162423,2019,1
2005940061,46666242,2019,1
2004305595,46666242,2019,1
27397386,46666242,2019,2
46666242,6585130,2019,2
1409432424,144818427,2019,1
144818427,47162423,2019,1
144818427,2005940061,2019,1
144818427,2004305595,2019,1
144818427,27397386,2019,1
144818427,6585130,2019,1
1409432424,47162423,2019,1
1409432424,2005940061,2019,1
1409432424,2004305595,2019,1
1409432424,27397386,2019,2
1409432424,6585130,2019,2
2005940061,47162423,2019,1
2004305595,47162423,2019,1
27397386,47162423,2019,1
47162423,6585130,2019,1
2004305595,2005940061,2019,1
2005940061,27397386,2019,1
2005940061,6585130,2019,1
2004305595,27397386,2019,1
2004305595,6585130,2019,1
27397386,6585130,2019,2
46257803,97865049,2019,2
29113221,97865049,2019,5
1409432424,97865049,2019,4
32725984,97865049,2019,4
29113221,46257803,2019,4
1409432424,46257803,2019,2
32725984,46257803,2019,2
1409432424,29113221,2019,4
29113221,32725984,2019,5
1409432424,32725984,2019,4
100815423,97865049,2019,2
100815423,29113221,2019,2
100815423,1409432424,2019,2
100815423,32725984,2019,2
145079022,2310276,2019,3
2310276,40581461,2019,3
145473707,2310276,2019,2
1409432424,2310276,2019,3
12997991,2310276,2019,2
145079022,40581461,2019,3
145079022,145473707,2019,2
1409432424,145079022,2019,3
12997991,145079022,2019,2
145473707,40581461,2019,2
1409432424,40581461,2019,3
12997991,40581461,2019,2
1409432424,145473707,2019,2
12997991,145473707,2019,2
12997991,1409432424,2019,2
40581461,4579132,2019,1
1714850,40581461,2019,1
33393854,40581461,2019,1
1398054936,40581461,2019,1
3479346,40581461,2019,1
32199153,40581461,2019,1
40581461,4718435,2019,1
40581461,4804476,2019,1
40581461,6357280,2019,1
145759191,40581461,2019,1
117818460,40581461,2019,1
145079022,4579132,2019,1
2310276,4579132,2019,1
1714850,4579132,2019,1
33393854,4579132,2019,1
1398054936,4579132,2019,1
3479346,4579132,2019,1
32199153,4579132,2019,1
4579132,4718435,2019,1
4579132,4804476,2019,1
4579132,6357280,2019,1
145759191,4579132,2019,1
117818460,4579132,2019,1
1409432424,4579132,2019,1
145079022,1714850,2019,1
145079022,33393854,2019,1
1398054936,145079022,2019,1
145079022,3479346,2019,1
145079022,32199153,2019,1
145079022,4718435,2019,1
145079022,4804476,2019,1
145079022,6357280,2019,1
145079022,145759191,2019,1
117818460,145079022,2019,1
1714850,2310276,2019,1
2310276,33393854,2019,1
1398054936,2310276,2019,1
2310276,3479346,2019,1
2310276,32199153,2019,1
2310276,4718435,2019,1
2310276,4804476,2019,1
2310276,6357280,2019,1
145759191,2310276,2019,1
117818460,2310276,2019,1
1714850,33393854,2019,1
1398054936,1714850,2019,1
1714850,3479346,2019,1
1714850,32199153,2019,1
1714850,4718435,2019,1
1714850,4804476,2019,1
1714850,6357280,2019,1
145759191,1714850,2019,1
117818460,1714850,2019,1
1409432424,1714850,2019,1
1398054936,33393854,2019,1
33393854,3479346,2019,1
32199153,33393854,2019,1
33393854,4718435,2019,1
33393854,4804476,2019,1
33393854,6357280,2019,1
145759191,33393854,2019,1
117818460,33393854,2019,1
1409432424,33393854,2019,1
1398054936,3479346,2019,1
1398054936,32199153,2019,1
1398054936,4718435,2019,1
1398054936,4804476,2019,1
1398054936,6357280,2019,1
1398054936,145759191,2019,1
117818460,1398054936,2019,1
1398054936,1409432424,2019,1
32199153,3479346,2019,1
3479346,4718435,2019,1
3479346,4804476,2019,1
3479346,6357280,2019,1
145759191,3479346,2019,1
117818460,3479346,2019,1
1409432424,3479346,2019,1
32199153,4718435,2019,1
32199153,4804476,2019,1
32199153,6357280,2019,1
145759191,32199153,2019,1
117818460,32199153,2019,1
1409432424,32199153,2019,1
4718435,4804476,2019,1
4718435,6357280,2019,1
145759191,4718435,2019,1
117818460,4718435,2019,1
1409432424,4718435,2019,1
4804476,6357280,2019,1
145759191,4804476,2019,1
117818460,4804476,2019,1
1409432424,4804476,2019,1
145759191,6357280,2019,1
117818460,6357280,2019,1
1409432424,6357280,2019,1
117818460,145759191,2019,1
1409432424,145759191,2019,1
117818460,1409432424,2019,1
152695921,50526493,2019,1
4624162,50526493,2019,1
30341953,50526493,2019,1
46666242,50526493,2019,1
1409432424,50526493,2019,1
27397386,50526493,2019,1
50526493,6585130,2019,1
152695921,4624162,2019,1
152695921,30341953,2019,1
152695921,46666242,2019,1
1409432424,152695921,2019,1
152695921,27397386,2019,1
152695921,6585130,2019,1
30341953,4624162,2019,1
4624162,46666242,2019,1
1409432424,4624162,2019,1
27397386,4624162,2019,1
4624162,6585130,2019,1
30341953,46666242,2019,1
1409432424,30341953,2019,1
27397386,30341953,2019,1
30341953,6585130,2019,1
2023694909,2307982,2019,1
2023694909,2232853,2019,1
2232853,2307982,2019,1
152618356,39777698,2019,1
152618356,2232853,2019,2
2232853,39777698,2019,2
2232853,48915694,2019,1
152618356,48915694,2019,1
1387936229,39777698,2019,1
1387936229,2232853,2019,1
144663088,92186335,2019,1
1854466,92186335,2019,1
50543346,92186335,2019,1
2609664,92186335,2019,1
2069234971,92186335,2019,1
4047855,92186335,2019,1
2075349451,92186335,2019,1
2109868444,92186335,2019,1
6884637,92186335,2019,1
2943065,92186335,2019,1
2164346,92186335,2019,1
38214380,92186335,2019,1
2272108,92186335,2019,1
1904764,92186335,2019,1
2464320,92186335,2019,1
2145122375,92186335,2019,1
144663088,1854466,2019,1
144663088,50543346,2019,1
144663088,2609664,2019,1
144663088,2069234971,2019,1
144663088,4047855,2019,1
144663088,2075349451,2019,1
144663088,2109868444,2019,1
144663088,6884637,2019,1
144663088,2943065,2019,1
144663088,2164346,2019,1
144663088,38214380,2019,1
144663088,2272108,2019,1
144663088,1904764,2019,1
144663088,2464320,2019,1
144663088,2145122375,2019,1
1854466,50543346,2019,1
1854466,2609664,2019,1
1854466,2069234971,2019,1
1854466,4047855,2019,1
1854466,2075349451,2019,1
1854466,2109868444,2019,1
1854466,6884637,2019,1
1854466,2943065,2019,1
1854466,2164346,2019,1
1854466,38214380,2019,1
1854466,2272108,2019,1
1854466,1904764,2019,1
1854466,2464320,2019,1
1854466,2145122375,2019,1
2609664,50543346,2019,1
2069234971,50543346,2019,1
4047855,50543346,2019,1
2075349451,50543346,2019,1
2109868444,50543346,2019,1
50543346,6884637,2019,1
2943065,50543346,2019,1
2164346,50543346,2019,1
38214380,50543346,2019,1
2272108,50543346,2019,1
1904764,50543346,2019,1
2464320,50543346,2019,1
2145122375,50543346,2019,1
2069234971,2609664,2019,1
2609664,4047855,2019,1
2075349451,2609664,2019,1
2109868444,2609664,2019,1
2609664,6884637,2019,1
2609664,2943065,2019,1
2164346,2609664,2019,1
2609664,38214380,2019,1
2272108,2609664,2019,1
1904764,2609664,2019,1
2464320,2609664,2019,1
2145122375,2609664,2019,1
2069234971,4047855,2019,1
2069234971,2075349451,2019,1
2069234971,2109868444,2019,1
2069234971,6884637,2019,1
2069234971,2943065,2019,1
2069234971,2164346,2019,1
2069234971,38214380,2019,1
2069234971,2272108,2019,1
1904764,2069234971,2019,1
2069234971,2464320,2019,1
2069234971,2145122375,2019,1
2075349451,4047855,2019,1
2109868444,4047855,2019,1
4047855,6884637,2019,1
2943065,4047855,2019,1
2164346,4047855,2019,1
38214380,4047855,2019,1
2272108,4047855,2019,1
1904764,4047855,2019,1
2464320,4047855,2019,1
2145122375,4047855,2019,1
2075349451,2109868444,2019,1
2075349451,6884637,2019,1
2075349451,2943065,2019,1
2075349451,2164346,2019,1
2075349451,38214380,2019,1
2075349451,2272108,2019,1
1904764,2075349451,2019,1
2075349451,2464320,2019,1
2075349451,2145122375,2019,1
2109868444,6884637,2019,1
2109868444,2943065,2019,1
2109868444,2164346,2019,1
2109868444,38214380,2019,1
2109868444,2272108,2019,1
1904764,2109868444,2019,1
2109868444,2464320,2019,1
2109868444,2145122375,2019,1
2943065,6884637,2019,1
2164346,6884637,2019,1
38214380,6884637,2019,1
2272108,6884637,2019,1
1904764,6884637,2019,1
2464320,6884637,2019,1
2145122375,6884637,2019,1
2164346,2943065,2019,2
2943065,38214380,2019,1
2272108,2943065,2019,2
1904764,2943065,2019,1
2464320,2943065,2019,1
2145122375,2943065,2019,1
2164346,38214380,2019,1
2164346,2272108,2019,2
1904764,2164346,2019,1
2164346,2464320,2019,1
2145122375,2164346,2019,1
2272108,38214380,2019,1
1904764,38214380,2019,1
2464320,38214380,2019,1
2145122375,38214380,2019,1
1904764,2272108,2019,1
2272108,2464320,2019,1
2145122375,2272108,2019,1
1904764,2464320,2019,1
1904764,2145122375,2019,1
2145122375,2464320,2019,1
5462679,84180516,2019,1
2164346,5462679,2019,1
2131952,5462679,2019,1
2175749,5462679,2019,1
2607587,5462679,2019,1
2451948,5462679,2019,1
2328876,5462679,2019,1
2272108,5462679,2019,1
144278023,5462679,2019,1
5462679,7682850,2019,1
2943065,5462679,2019,1
143952546,5462679,2019,1
2164346,84180516,2019,1
2131952,84180516,2019,1
2175749,84180516,2019,1
2607587,84180516,2019,1
2451948,84180516,2019,1
2328876,84180516,2019,1
2272108,84180516,2019,1
144278023,84180516,2019,1
7682850,84180516,2019,1
2943065,84180516,2019,1
143952546,84180516,2019,1
2131952,2164346,2019,1
2164346,2175749,2019,1
2164346,2607587,2019,1
2164346,2451948,2019,1
2164346,2328876,2019,1
144278023,2164346,2019,1
2164346,7682850,2019,1
143952546,2164346,2019,1
2131952,2175749,2019,1
2131952,2607587,2019,1
2131952,2451948,2019,1
2131952,2328876,2019,1
2131952,2272108,2019,1
144278023,2131952,2019,1
2131952,7682850,2019,1
2131952,2943065,2019,1
143952546,2131952,2019,1
2175749,2607587,2019,1
2175749,2451948,2019,1
2175749,2328876,2019,1
2175749,2272108,2019,1
144278023,2175749,2019,1
2175749,7682850,2019,1
2175749,2943065,2019,1
143952546,2175749,2019,1
2451948,2607587,2019,1
2328876,2607587,2019,1
2272108,2607587,2019,1
144278023,2607587,2019,1
2607587,7682850,2019,1
2607587,2943065,2019,1
143952546,2607587,2019,1
2328876,2451948,2019,1
2272108,2451948,2019,1
144278023,2451948,2019,1
2451948,7682850,2019,1
2451948,2943065,2019,1
143952546,2451948,2019,1
2272108,2328876,2019,1
144278023,2328876,2019,1
2328876,7682850,2019,1
2328876,2943065,2019,1
143952546,2328876,2019,1
144278023,2272108,2019,1
2272108,7682850,2019,1
143952546,2272108,2019,1
144278023,7682850,2019,1
144278023,2943065,2019,1
143952546,144278023,2019,1
2943065,7682850,2019,1
143952546,7682850,2019,1
143952546,2943065,2019,1
3948067,5306981,2019,1
40914141,5306981,2019,1
5306981,7440114,2019,1
31415083,5306981,2019,1
2059478,5306981,2019,1
2943065,5306981,2019,3
3948067,40914141,2019,1
3948067,7440114,2019,1
31415083,3948067,2019,1
2059478,3948067,2019,1
2943065,3948067,2019,1
40914141,7440114,2019,1
31415083,40914141,2019,1
2059478,40914141,2019,1
2943065,40914141,2019,1
31415083,7440114,2019,1
2059478,7440114,2019,1
2943065,7440114,2019,1
2059478,31415083,2019,1
2943065,31415083,2019,1
2059478,2943065,2019,1
1768830382,32281113,2019,1
115277605,32281113,2019,1
2277354,32281113,2019,1
2797207,32281113,2019,1
32281113,5306981,2019,1
2186062,32281113,2019,1
2943065,32281113,2019,1
115277605,1768830382,2019,1
1768830382,2277354,2019,1
1768830382,2797207,2019,1
1768830382,5306981,2019,1
1768830382,2186062,2019,1
1768830382,2943065,2019,1
115277605,2277354,2019,1
115277605,2797207,2019,1
115277605,5306981,2019,1
115277605,2186062,2019,1
115277605,2943065,2019,1
2277354,2797207,2019,1
2277354,5306981,2019,1
2186062,2277354,2019,1
2277354,2943065,2019,4
2797207,5306981,2019,2
2186062,2797207,2019,2
2797207,2943065,2019,2
2186062,5306981,2019,2
2186062,2943065,2019,2
5347911,5814690,2019,1
2943065,5347911,2019,1
2943065,5814690,2019,1
1398175449,49117973,2019,2
2037961,49117973,2019,2
49117973,49847317,2019,2
2277354,49117973,2019,2
2115172324,49117973,2019,1
49117973,66177378,2019,2
3474495,49117973,2019,2
2943065,49117973,2019,2
49117973,7517252,2019,2
145156662,49117973,2019,2
145043122,49117973,2019,2
1398175449,2037961,2019,2
1398175449,49847317,2019,2
1398175449,2277354,2019,2
1398175449,2115172324,2019,1
1398175449,66177378,2019,2
1398175449,3474495,2019,2
1398175449,2943065,2019,2
1398175449,7517252,2019,2
1398175449,145156662,2019,2
1398175449,145043122,2019,2
2037961,49847317,2019,2
2037961,2277354,2019,2
2037961,2115172324,2019,1
2037961,66177378,2019,2
2037961,3474495,2019,2
2037961,2943065,2019,2
2037961,7517252,2019,2
145156662,2037961,2019,2
145043122,2037961,2019,2
2277354,49847317,2019,2
2115172324,49847317,2019,1
49847317,66177378,2019,2
3474495,49847317,2019,2
2943065,49847317,2019,2
49847317,7517252,2019,2
145156662,49847317,2019,2
145043122,49847317,2019,2
2115172324,2277354,2019,1
2277354,66177378,2019,2
2277354,3474495,2019,2
2277354,7517252,2019,2
145156662,2277354,2019,2
145043122,2277354,2019,2
2115172324,66177378,2019,1
2115172324,3474495,2019,1
2115172324,2943065,2019,1
2115172324,7517252,2019,1
145156662,2115172324,2019,1
145043122,2115172324,2019,1
3474495,66177378,2019,2
2943065,66177378,2019,2
66177378,7517252,2019,2
145156662,66177378,2019,2
145043122,66177378,2019,2
2943065,3474495,2019,2
3474495,7517252,2019,2
145156662,3474495,2019,2
145043122,3474495,2019,2
2943065,7517252,2019,2
145156662,2943065,2019,2
145043122,2943065,2019,2
145156662,7517252,2019,2
145043122,7517252,2019,2
145043122,145156662,2019,2
117464257,3759062,2019,1
2586630,3759062,2019,1
2440937,3759062,2019,1
2153635130,3759062,2019,1
3759062,7284908,2019,1
3270747,3759062,2019,1
2683022,3759062,2019,1
144159535,3759062,2019,1
2943065,3759062,2019,1
2454682,3759062,2019,1
3757801,3759062,2019,1
3759062,6843625,2019,1
2030015,3759062,2019,1
117464257,2586630,2019,1
117464257,2440937,2019,1
117464257,2153635130,2019,1
117464257,7284908,2019,1
117464257,3270747,2019,1
117464257,2683022,2019,1
117464257,144159535,2019,1
117464257,2943065,2019,1
117464257,2454682,2019,1
117464257,3757801,2019,1
117464257,6843625,2019,1
117464257,2030015,2019,1
2440937,2586630,2019,1
2153635130,2586630,2019,1
2586630,7284908,2019,1
2586630,3270747,2019,1
2586630,2683022,2019,1
144159535,2586630,2019,1
2586630,2943065,2019,1
2454682,2586630,2019,1
2586630,3757801,2019,1
2586630,6843625,2019,1
2030015,2586630,2019,1
2153635130,2440937,2019,1
2440937,7284908,2019,1
2440937,3270747,2019,1
2440937,2683022,2019,1
144159535,2440937,2019,1
2440937,2943065,2019,1
2440937,2454682,2019,1
2440937,3757801,2019,1
2440937,6843625,2019,1
2030015,2440937,2019,1
2153635130,7284908,2019,1
2153635130,3270747,2019,1
2153635130,2683022,2019,1
144159535,2153635130,2019,1
2153635130,2943065,2019,1
2153635130,2454682,2019,1
2153635130,3757801,2019,1
2153635130,6843625,2019,1
2030015,2153635130,2019,1
3270747,7284908,2019,1
2683022,7284908,2019,1
144159535,7284908,2019,1
2943065,7284908,2019,1
2454682,7284908,2019,1
3757801,7284908,2019,1
6843625,7284908,2019,1
2030015,7284908,2019,1
2683022,3270747,2019,1
144159535,3270747,2019,1
2943065,3270747,2019,1
2454682,3270747,2019,1
3270747,3757801,2019,1
3270747,6843625,2019,1
2030015,3270747,2019,1
144159535,2683022,2019,1
2683022,2943065,2019,2
2454682,2683022,2019,1
2683022,3757801,2019,1
2683022,6843625,2019,1
2030015,2683022,2019,1
144159535,2943065,2019,1
144159535,2454682,2019,1
144159535,3757801,2019,1
144159535,6843625,2019,1
144159535,2030015,2019,1
2454682,2943065,2019,1
2943065,3757801,2019,1
2943065,6843625,2019,1
2030015,2943065,2019,1
2454682,3757801,2019,1
2454682,6843625,2019,1
2030015,2454682,2019,1
3757801,6843625,2019,1
2030015,3757801,2019,1
2030015,6843625,2019,1
35657564,47592009,2019,1
1454008130,35657564,2019,1
2797207,35657564,2019,1
35657564,5306981,2019,1
2943065,35657564,2019,1
2186062,35657564,2019,1
143674561,35657564,2019,1
1454008130,47592009,2019,1
2797207,47592009,2019,1
47592009,5306981,2019,1
2943065,47592009,2019,1
2186062,47592009,2019,1
143674561,47592009,2019,1
1454008130,2797207,2019,1
1454008130,5306981,2019,1
1454008130,2943065,2019,1
1454008130,2186062,2019,1
143674561,1454008130,2019,1
143674561,2797207,2019,1
143674561,5306981,2019,1
143674561,2943065,2019,1
143674561,2186062,2019,1
22318187,8815623,2019,1
22318187,4036879,2019,1
22318187,4445817,2019,1
2069094,22318187,2019,1
22318187,9913518,2019,1
22318187,2683022,2019,1
2070259666,22318187,2019,1
22318187,2943065,2019,1
22318187,5038543,2019,1
22318187,2306613,2019,1
145363226,22318187,2019,1
145429341,22318187,2019,1
2103987552,22318187,2019,1
22318187,4449210,2019,1
4036879,8815623,2019,1
4445817,8815623,2019,1
2069094,8815623,2019,1
8815623,9913518,2019,1
2683022,8815623,2019,1
2070259666,8815623,2019,1
2943065,8815623,2019,1
5038543,8815623,2019,1
2306613,8815623,2019,1
145363226,8815623,2019,1
145429341,8815623,2019,1
2103987552,8815623,2019,1
4449210,8815623,2019,1
4036879,4445817,2019,1
2069094,4036879,2019,1
4036879,9913518,2019,1
2683022,4036879,2019,1
2070259666,4036879,2019,1
2943065,4036879,2019,1
4036879,5038543,2019,1
2306613,4036879,2019,1
145363226,4036879,2019,1
145429341,4036879,2019,1
2103987552,4036879,2019,1
4036879,4449210,2019,1
2069094,4445817,2019,1
4445817,9913518,2019,1
2683022,4445817,2019,1
2070259666,4445817,2019,1
2943065,4445817,2019,1
4445817,5038543,2019,1
2306613,4445817,2019,1
145363226,4445817,2019,1
145429341,4445817,2019,1
2103987552,4445817,2019,1
4445817,4449210,2019,1
2069094,9913518,2019,1
2069094,2683022,2019,1
2069094,2070259666,2019,1
2069094,2943065,2019,1
2069094,5038543,2019,1
2069094,2306613,2019,1
145363226,2069094,2019,1
145429341,2069094,2019,1
2069094,2103987552,2019,1
2069094,4449210,2019,1
2683022,9913518,2019,1
2070259666,9913518,2019,1
2943065,9913518,2019,1
5038543,9913518,2019,1
2306613,9913518,2019,1
145363226,9913518,2019,1
145429341,9913518,2019,1
2103987552,9913518,2019,1
4449210,9913518,2019,1
2070259666,2683022,2019,1
2683022,5038543,2019,1
2306613,2683022,2019,1
145363226,2683022,2019,1
145429341,2683022,2019,1
2103987552,2683022,2019,1
2683022,4449210,2019,1
2070259666,2943065,2019,1
2070259666,5038543,2019,1
2070259666,2306613,2019,1
145363226,2070259666,2019,1
145429341,2070259666,2019,1
2070259666,2103987552,2019,1
2070259666,4449210,2019,1
2943065,5038543,2019,1
2306613,2943065,2019,1
145363226,2943065,2019,1
145429341,2943065,2019,1
2103987552,2943065,2019,1
2943065,4449210,2019,1
2306613,5038543,2019,1
145363226,5038543,2019,1
145429341,5038543,2019,1
2103987552,5038543,2019,1
4449210,5038543,2019,1
145363226,2306613,2019,1
145429341,2306613,2019,1
2103987552,2306613,2019,1
2306613,4449210,2019,1
145363226,145429341,2019,1
145363226,2103987552,2019,1
145363226,4449210,2019,1
145429341,2103987552,2019,1
145429341,4449210,2019,1
2103987552,4449210,2019,1
1398175449,1411921755,2019,1
1411921755,145043122,2019,1
1411921755,2037961,2019,1
1411921755,49847317,2019,1
1411921755,2277354,2019,1
1411921755,3474495,2019,1
1411921755,66177378,2019,1
1411921755,2943065,2019,1
1411921755,7517252,2019,1
1411921755,145156662,2019,1
1411921755,49117973,2019,1
2310860,46600774,2019,4
2660575,46600774,2019,4
46600774,5697434,2019,4
31040132,46600774,2019,4
2310860,2660575,2019,14
2310860,5697434,2019,4
2310860,31040132,2019,4
2660575,5697434,2019,4
2660575,31040132,2019,4
31040132,5697434,2019,4
151025996,2660575,2019,2
145426690,151025996,2019,2
151025996,2310860,2019,2
145426690,2660575,2019,2
145426690,2310860,2019,2
147115675,2660575,2019,4
2660575,30291444,2019,2
148176877,2660575,2019,4
2116149176,2660575,2019,2
17845906,2660575,2019,6
2293193,2660575,2019,2
147115675,30291444,2019,2
147115675,148176877,2019,4
147115675,2116149176,2019,2
147115675,17845906,2019,4
147115675,2293193,2019,2
147115675,2310860,2019,4
148176877,30291444,2019,2
2116149176,30291444,2019,2
17845906,30291444,2019,2
2293193,30291444,2019,2
2310860,30291444,2019,2
148176877,2116149176,2019,2
148176877,17845906,2019,4
148176877,2293193,2019,2
148176877,2310860,2019,4
17845906,2116149176,2019,2
2116149176,2293193,2019,2
2116149176,2310860,2019,2
17845906,2293193,2019,2
17845906,2310860,2019,10
2293193,2310860,2019,2
17845906,3422747,2019,2
17845906,2113328067,2019,2
148176877,3422747,2019,2
148176877,2113328067,2019,2
2113328067,3422747,2019,2
147115675,3422747,2019,2
2310860,3422747,2019,2
2660575,3422747,2019,2
147115675,2113328067,2019,2
2113328067,2310860,2019,2
2113328067,2660575,2019,2
2068543889,2310860,2019,6
2068543889,2660575,2019,2
27346372,3391180,2019,1
2350947,3391180,2019,1
2350947,27346372,2019,1
5098746,6136712,2019,1
33510960,5098746,2019,1
32567877,5098746,2019,1
29113221,5098746,2019,1
145427263,5098746,2019,1
33848373,5098746,2019,1
35238486,5098746,2019,1
1797712,5098746,2019,1
33510960,6136712,2019,1
32567877,6136712,2019,1
29113221,6136712,2019,1
145427263,6136712,2019,1
33848373,6136712,2019,1
35238486,6136712,2019,1
1797712,6136712,2019,1
32567877,33510960,2019,1
29113221,33510960,2019,1
145427263,33510960,2019,1
33510960,33848373,2019,1
33510960,35238486,2019,1
1797712,33510960,2019,1
29113221,32567877,2019,1
145427263,32567877,2019,1
32567877,33848373,2019,1
32567877,35238486,2019,1
1797712,32567877,2019,1
145427263,29113221,2019,1
29113221,33848373,2019,1
29113221,35238486,2019,1
1797712,29113221,2019,1
145427263,33848373,2019,1
145427263,35238486,2019,1
145427263,1797712,2019,1
33848373,35238486,2019,1
1797712,33848373,2019,1
1797712,35238486,2019,1
2219902,51465221,2019,2
2219902,48729921,2019,2
2219902,35379964,2019,2
2219902,2872693,2019,2
12492355,2219902,2019,2
2219902,5503019,2019,2
2219902,29113221,2019,2
2219902,46257803,2019,2
2067210235,2219902,2019,2
2219902,49163827,2019,2
1394936279,2219902,2019,2
2156059229,2219902,2019,2
48729921,51465221,2019,2
35379964,51465221,2019,2
2872693,51465221,2019,2
12492355,51465221,2019,2
51465221,5503019,2019,2
29113221,51465221,2019,2
46257803,51465221,2019,2
2067210235,51465221,2019,2
49163827,51465221,2019,2
1394936279,51465221,2019,2
2156059229,51465221,2019,2
35379964,48729921,2019,2
2872693,48729921,2019,2
12492355,48729921,2019,2
48729921,5503019,2019,2
29113221,48729921,2019,2
46257803,48729921,2019,2
2067210235,48729921,2019,2
48729921,49163827,2019,2
1394936279,48729921,2019,2
2156059229,48729921,2019,2
2872693,35379964,2019,2
12492355,35379964,2019,2
35379964,5503019,2019,2
29113221,35379964,2019,2
35379964,46257803,2019,2
2067210235,35379964,2019,2
35379964,49163827,2019,2
1394936279,35379964,2019,2
2156059229,35379964,2019,2
12492355,2872693,2019,2
2872693,5503019,2019,2
2872693,29113221,2019,2
2872693,46257803,2019,2
2067210235,2872693,2019,2
2872693,49163827,2019,2
1394936279,2872693,2019,2
2156059229,2872693,2019,2
12492355,5503019,2019,2
12492355,29113221,2019,2
12492355,46257803,2019,2
12492355,2067210235,2019,2
12492355,49163827,2019,2
12492355,1394936279,2019,2
12492355,2156059229,2019,2
29113221,5503019,2019,2
46257803,5503019,2019,2
2067210235,5503019,2019,2
49163827,5503019,2019,2
1394936279,5503019,2019,2
2156059229,5503019,2019,2
2067210235,29113221,2019,2
29113221,49163827,2019,2
1394936279,29113221,2019,2
2156059229,29113221,2019,2
2067210235,46257803,2019,2
46257803,49163827,2019,2
1394936279,46257803,2019,2
2156059229,46257803,2019,2
2067210235,49163827,2019,2
1394936279,2067210235,2019,2
2067210235,2156059229,2019,2
1394936279,49163827,2019,2
2156059229,49163827,2019,2
1394936279,2156059229,2019,2
15716048,34807578,2019,1
34807578,49554482,2019,1
34807578,3887614,2019,1
13010367,34807578,2019,1
29113221,34807578,2019,1
15716048,49554482,2019,1
15716048,3887614,2019,1
13010367,15716048,2019,1
15716048,29113221,2019,1
3887614,49554482,2019,1
13010367,49554482,2019,1
29113221,49554482,2019,1
13010367,3887614,2019,1
29113221,3887614,2019,1
13010367,29113221,2019,1
2310860,51922339,2019,3
2449352,51922339,2019,3
51251081,51922339,2019,3
51251600,51922339,2019,3
51245714,51922339,2019,3
1466510226,51922339,2019,3
29113221,51922339,2019,3
4952621,51922339,2019,3
2310860,2449352,2019,3
2310860,51251081,2019,3
2310860,51251600,2019,3
2310860,51245714,2019,3
1466510226,2310860,2019,3
2310860,29113221,2019,3
2310860,4952621,2019,3
2449352,51251081,2019,5
2449352,51251600,2019,3
2449352,51245714,2019,3
1466510226,2449352,2019,3
2449352,29113221,2019,3
2449352,4952621,2019,3
51251081,51251600,2019,3
51245714,51251081,2019,3
1466510226,51251081,2019,3
29113221,51251081,2019,3
4952621,51251081,2019,3
51245714,51251600,2019,3
1466510226,51251600,2019,3
29113221,51251600,2019,3
4952621,51251600,2019,3
1466510226,51245714,2019,3
29113221,51245714,2019,3
4952621,51245714,2019,3
1466510226,29113221,2019,3
1466510226,4952621,2019,3
29113221,4952621,2019,3
122100090,4544042,2019,1
122100090,29113221,2019,1
122100090,90917078,2019,1
122100090,32725984,2019,1
29113221,4544042,2019,1
4544042,90917078,2019,1
32725984,4544042,2019,1
29113221,90917078,2019,1
32725984,90917078,2019,1
38615715,48367447,2019,1
1794957,48367447,2019,1
3984928,48367447,2019,1
3172681,48367447,2019,1
29113221,48367447,2019,1
4168564,48367447,2019,1
3879996,48367447,2019,1
1794957,38615715,2019,1
38615715,3984928,2019,1
3172681,38615715,2019,1
29113221,38615715,2019,1
38615715,4168564,2019,1
38615715,3879996,2019,1
1794957,3984928,2019,1
1794957,3172681,2019,1
1794957,29113221,2019,1
1794957,4168564,2019,1
1794957,3879996,2019,1
3172681,3984928,2019,1
29113221,3984928,2019,1
3984928,4168564,2019,1
3879996,3984928,2019,1
29113221,3172681,2019,1
3172681,4168564,2019,1
3172681,3879996,2019,1
29113221,4168564,2019,1
29113221,3879996,2019,1
3879996,4168564,2019,1
48767593,8617760,2019,1
152284226,48767593,2019,1
46741393,48767593,2019,1
29113221,48767593,2019,1
2775332,48767593,2019,1
4463764,48767593,2019,1
152284226,8617760,2019,1
46741393,8617760,2019,1
29113221,8617760,2019,1
2775332,8617760,2019,1
4463764,8617760,2019,1
152284226,46741393,2019,1
152284226,29113221,2019,1
152284226,2775332,2019,1
152284226,4463764,2019,1
29113221,46741393,2019,1
2775332,46741393,2019,1
4463764,46741393,2019,1
2775332,29113221,2019,1
29113221,4463764,2019,1
2775332,4463764,2019,1
145000932,97865049,2019,1
145000932,29113221,2019,1
145000932,145056611,2019,1
145056611,97865049,2019,1
145056611,29113221,2019,1
17845906,52206144,2019,2
1420126609,17845906,2019,2
17845906,2068543889,2019,4
17845906,3096649,2019,4
1420126609,52206144,2019,2
2068543889,52206144,2019,2
2310860,52206144,2019,2
3096649,52206144,2019,2
1420126609,2068543889,2019,2
1420126609,2310860,2019,2
1420126609,3096649,2019,2
2068543889,3096649,2019,4
2310860,3096649,2019,4
17834103,3096649,2019,2
2054744493,3096649,2019,2
3096649,32707496,2019,2
143654479,3096649,2019,2
145307990,3096649,2019,2
1490636101,3096649,2019,2
2368341,3096649,2019,2
17834103,17845906,2019,2
17845906,2054744493,2019,2
17845906,32707496,2019,2
143654479,17845906,2019,2
145307990,17845906,2019,2
1490636101,17845906,2019,2
17845906,2368341,2019,2
17834103,2054744493,2019,2
17834103,2068543889,2019,2
17834103,32707496,2019,2
143654479,17834103,2019,2
145307990,17834103,2019,2
1490636101,17834103,2019,2
17834103,2368341,2019,2
17834103,2310860,2019,2
2054744493,2068543889,2019,2
2054744493,32707496,2019,2
143654479,2054744493,2019,2
145307990,2054744493,2019,2
1490636101,2054744493,2019,2
2054744493,2368341,2019,2
2054744493,2310860,2019,2
2068543889,32707496,2019,2
143654479,2068543889,2019,2
145307990,2068543889,2019,2
1490636101,2068543889,2019,2
2068543889,2368341,2019,2
143654479,32707496,2019,2
145307990,32707496,2019,2
1490636101,32707496,2019,2
2368341,32707496,2019,2
2310860,32707496,2019,2
143654479,145307990,2019,2
143654479,1490636101,2019,2
143654479,2368341,2019,2
143654479,2310860,2019,2
145307990,1490636101,2019,2
145307990,2368341,2019,2
145307990,2310860,2019,2
1490636101,2368341,2019,2
1490636101,2310860,2019,2
2310860,2368341,2019,2
37405703,4444363,2019,1
38798234,73768199,2019,1
38798234,5988360,2019,3
38798234,73770922,2019,1
38798234,4444363,2019,3
3149509,38798234,2019,3
5988360,73768199,2019,1
73768199,73770922,2019,1
4444363,73768199,2019,1
3149509,73768199,2019,1
5988360,73770922,2019,1
4444363,5988360,2019,3
3149509,5988360,2019,3
4444363,73770922,2019,1
3149509,73770922,2019,1
3149509,4444363,2019,3
4444363,84505347,2019,1
1381048255,4444363,2019,3
1381048255,47289184,2019,2
4444363,47289184,2019,2
1401916272,47486260,2019,2
104605782,47486260,2019,2
4444363,47486260,2019,2
104605782,1401916272,2019,2
1401916272,4444363,2019,2
104605782,4444363,2019,2
121365059,20908326,2019,1
121365059,87245713,2019,1
121365059,30407329,2019,1
121365059,4444363,2019,1
121365059,144278875,2019,1
121365059,51372522,2019,1
20908326,87245713,2019,1
20908326,30407329,2019,1
20908326,4444363,2019,1
144278875,20908326,2019,1
20908326,51372522,2019,1
30407329,87245713,2019,1
4444363,87245713,2019,1
144278875,87245713,2019,1
51372522,87245713,2019,1
30407329,4444363,2019,1
144278875,30407329,2019,1
30407329,51372522,2019,1
144278875,4444363,2019,1
4444363,51372522,2019,1
144278875,51372522,2019,1
1690827,4444363,2019,3
4444363,88821377,2019,2
1690827,88821377,2019,2
119049574,88821377,2019,2
119049574,4444363,2019,2
119049574,1690827,2019,2
143651026,50819480,2019,1
143651026,51877450,2019,1
143651026,15350695,2019,1
143651026,67304275,2019,1
143651026,66415786,2019,1
143651026,4444363,2019,1
50819480,51877450,2019,1
15350695,50819480,2019,1
50819480,67304275,2019,1
50819480,66415786,2019,1
4444363,50819480,2019,1
15350695,51877450,2019,1
51877450,67304275,2019,1
51877450,66415786,2019,1
4444363,51877450,2019,1
15350695,67304275,2019,1
15350695,66415786,2019,1
15350695,4444363,2019,1
66415786,67304275,2019,1
4444363,67304275,2019,1
4444363,66415786,2019,1
115316242,3149509,2019,1
2071431383,3149509,2019,1
2072091838,3149509,2019,1
115316242,5988360,2019,1
2071431383,5988360,2019,1
2072091838,5988360,2019,1
115316242,2071431383,2019,1
115316242,2072091838,2019,1
115316242,4444363,2019,1
115316242,38798234,2019,1
2071431383,2072091838,2019,1
2071431383,4444363,2019,1
2071431383,38798234,2019,1
2072091838,4444363,2019,1
2072091838,38798234,2019,1
2023545107,6387468,2019,1
2023545107,2057957323,2019,1
2023545107,4444363,2019,1
2057957323,6387468,2019,1
4444363,6387468,2019,1
2057957323,4444363,2019,1
119843841,4444363,2019,1
4444363,8159136,2019,1
10152033,4444363,2019,1
119843841,8159136,2019,1
10152033,119843841,2019,1
10152033,8159136,2019,1
2059589143,4444363,2019,1
2059589143,47486260,2019,1
104605782,2059589143,2019,1
1401916272,2059589143,2019,1
47262099,91401108,2019,1
4444363,91401108,2019,1
91179797,91401108,2019,1
4444363,47262099,2019,1
47262099,91179797,2019,1
4444363,91179797,2019,1
1732789,1767879,2019,6
145046057,1732789,2019,6
145046057,1767879,2019,7
145046057,49707911,2019,3
145046057,8640622,2019,3
1387936232,145046057,2019,2
49707911,8640622,2019,3
1387936232,49707911,2019,2
1387936232,8640622,2019,2
145046057,49104509,2019,1
49104509,49707911,2019,1
1767879,49707911,2019,1
49104509,8640622,2019,1
1767879,8640622,2019,1
1767879,49104509,2019,1
2670026,40585346,2019,1
2081289401,2670026,2019,1
145046057,2670026,2019,1
2081289401,40585346,2019,1
145046057,40585346,2019,1
145046057,2081289401,2019,1
2257080,5431019,2019,1
145046057,5431019,2019,1
1822602,5431019,2019,1
2822922,5431019,2019,1
2289108,5431019,2019,1
145046057,2257080,2019,1
1822602,2257080,2019,1
2257080,2822922,2019,1
2257080,2289108,2019,1
145046057,1822602,2019,1
145046057,2822922,2019,1
145046057,2289108,2019,1
1822602,2822922,2019,1
1822602,2289108,2019,1
2289108,2822922,2019,1
2117851505,5452350,2019,2
46298112,5452350,2019,2
51301614,5452350,2019,2
35124650,5452350,2019,2
30230319,5452350,2019,2
2136800562,5452350,2019,2
145321058,5452350,2019,2
2106915219,5452350,2019,2
2208469,5452350,2019,2
2117851505,46298112,2019,2
2117851505,51301614,2019,2
2117851505,35124650,2019,2
2117851505,30230319,2019,2
2117851505,2136800562,2019,2
145321058,2117851505,2019,2
2106915219,2117851505,2019,2
2117851505,2208469,2019,2
46298112,51301614,2019,2
35124650,46298112,2019,2
30230319,46298112,2019,2
2136800562,46298112,2019,2
145321058,46298112,2019,2
2106915219,46298112,2019,2
2208469,46298112,2019,2
35124650,51301614,2019,2
30230319,51301614,2019,2
2136800562,51301614,2019,2
145321058,51301614,2019,2
2106915219,51301614,2019,2
2208469,51301614,2019,2
30230319,35124650,2019,2
2136800562,35124650,2019,2
145321058,35124650,2019,2
2106915219,35124650,2019,2
2208469,35124650,2019,2
2136800562,30230319,2019,2
145321058,30230319,2019,2
2106915219,30230319,2019,2
2208469,30230319,2019,2
145321058,2136800562,2019,2
2106915219,2136800562,2019,2
2136800562,2208469,2019,2
145321058,2106915219,2019,2
145321058,2208469,2019,2
2106915219,2208469,2019,2
12412789,1962739,2019,1
12412789,1732789,2019,1
12412789,46374068,2019,1
1732789,1962739,2019,1
1962739,46374068,2019,1
1732789,46374068,2019,1
148176877,1573391472,2019,1
1573391472,2117447668,2019,1
1573391472,1732789,2019,1
148176877,2117447668,2019,1
148176877,1732789,2019,1
1732789,2117447668,2019,1
115277605,2071524749,2019,1
115277605,1732789,2019,2
115277605,48317008,2019,2
115277605,5037136,2019,2
1732789,2071524749,2019,1
2071524749,48317008,2019,1
2071524749,5037136,2019,1
1732789,48317008,2019,2
1732789,5037136,2019,2
48317008,5037136,2019,2
2011787,51251081,2019,1
48516244,51251081,2019,1
2011787,48516244,2019,1
2011787,2449352,2019,1
2449352,48516244,2019,1
2449352,3363956,2019,1
151185022,2800259,2019,2
151185022,2670026,2019,2
2670026,2800259,2019,2
103655856,51053616,2019,2
3450084,51053616,2019,3
1388682042,51053616,2019,2
2800259,51053616,2019,2
51053616,7373730,2019,3
103655856,3450084,2019,2
103655856,1388682042,2019,2
103655856,2800259,2019,2
103655856,7373730,2019,2
1388682042,3450084,2019,2
2800259,3450084,2019,2
3450084,7373730,2019,6
1388682042,2800259,2019,2
1388682042,7373730,2019,2
2800259,7373730,2019,2
1387936232,48550490,2019,1
38611707,48550490,2019,1
144192676,48550490,2019,1
1387936232,38611707,2019,1
1387936232,144192676,2019,1
144192676,38611707,2019,1
34207642,39954198,2019,1
12707188,34207642,2019,1
119464741,34207642,2019,1
2058689806,34207642,2019,1
1441292272,34207642,2019,1
1441292541,34207642,2019,1
1441296508,34207642,2019,1
144939470,34207642,2019,1
13428547,34207642,2019,1
34207642,4314098,2019,1
2504446,34207642,2019,1
1387936232,34207642,2019,1
12707188,39954198,2019,1
119464741,39954198,2019,1
2058689806,39954198,2019,1
1441292272,39954198,2019,1
1441292541,39954198,2019,1
1441296508,39954198,2019,1
144939470,39954198,2019,1
13428547,39954198,2019,1
39954198,4314098,2019,1
2504446,39954198,2019,1
1387936232,39954198,2019,1
119464741,12707188,2019,1
12707188,2058689806,2019,1
12707188,1441292272,2019,1
12707188,1441292541,2019,1
12707188,1441296508,2019,1
12707188,144939470,2019,1
12707188,13428547,2019,1
12707188,4314098,2019,1
12707188,2504446,2019,1
12707188,1387936232,2019,1
119464741,2058689806,2019,1
119464741,1441292272,2019,1
119464741,1441292541,2019,1
119464741,1441296508,2019,1
119464741,144939470,2019,1
119464741,13428547,2019,1
119464741,4314098,2019,1
119464741,2504446,2019,1
119464741,1387936232,2019,1
1441292272,2058689806,2019,1
1441292541,2058689806,2019,1
1441296508,2058689806,2019,1
144939470,2058689806,2019,1
13428547,2058689806,2019,1
2058689806,4314098,2019,1
2058689806,2504446,2019,1
1387936232,2058689806,2019,1
1441292272,1441292541,2019,1
1441292272,1441296508,2019,1
1441292272,144939470,2019,1
13428547,1441292272,2019,1
1441292272,4314098,2019,1
1441292272,2504446,2019,1
1387936232,1441292272,2019,1
1441292541,1441296508,2019,1
1441292541,144939470,2019,1
13428547,1441292541,2019,1
1441292541,4314098,2019,1
1441292541,2504446,2019,1
1387936232,1441292541,2019,1
1441296508,144939470,2019,1
13428547,1441296508,2019,1
1441296508,4314098,2019,1
1441296508,2504446,2019,1
1387936232,1441296508,2019,1
13428547,144939470,2019,1
144939470,4314098,2019,1
144939470,2504446,2019,1
1387936232,144939470,2019,1
13428547,4314098,2019,1
13428547,2504446,2019,1
13428547,1387936232,2019,1
2504446,4314098,2019,1
1387936232,4314098,2019,1
1387936232,2504446,2019,1
107706486,3450084,2019,1
3450084,51051515,2019,2
2057425916,3450084,2019,1
1429841292,3450084,2019,1
2070083553,3450084,2019,2
1400632409,3450084,2019,3
107706486,51051515,2019,1
107706486,2057425916,2019,1
107706486,1429841292,2019,1
107706486,2070083553,2019,1
107706486,7373730,2019,1
107706486,1400632409,2019,1
2057425916,51051515,2019,1
1429841292,51051515,2019,1
2070083553,51051515,2019,2
51051515,7373730,2019,2
1400632409,51051515,2019,2
1429841292,2057425916,2019,1
2057425916,2070083553,2019,1
2057425916,7373730,2019,1
1400632409,2057425916,2019,1
1429841292,2070083553,2019,1
1429841292,7373730,2019,1
1400632409,1429841292,2019,1
2070083553,7373730,2019,2
1400632409,2070083553,2019,2
1400632409,7373730,2019,3
2055674303,3450084,2019,1
2055674303,38483558,2019,1
2055674303,7373730,2019,1
3450084,38483558,2019,1
38483558,7373730,2019,1
3450084,48872048,2019,2
48872048,51051515,2019,1
2070083553,48872048,2019,1
1400632409,48872048,2019,2
48872048,7373730,2019,2
47106555,97693616,2019,1
144608860,47106555,2019,1
47106555,7373730,2019,1
144608860,97693616,2019,1
7373730,97693616,2019,1
144608860,7373730,2019,1
1400632409,51053616,2019,1
48872048,51053616,2019,1
1410959931,51053616,2019,1
1400632409,1410959931,2019,1
1410959931,48872048,2019,1
1410959931,7373730,2019,1
1410959931,3450084,2019,1
2300461,49172955,2019,1
2114183642,49172955,2019,1
2114183642,2300461,2019,1
1994861222,9258471,2019,2
1431223780,9258471,2019,2
1431223893,9258471,2019,2
2229958,9258471,2019,2
2408791,9258471,2019,2
144619896,9258471,2019,1
1431223780,1994861222,2019,2
1431223893,1994861222,2019,2
1994861222,2229958,2019,2
1994861222,2408791,2019,2
144619896,1994861222,2019,1
1431223780,1431223893,2019,2
1431223780,2229958,2019,2
1431223780,2408791,2019,2
1431223780,144619896,2019,1
1431223893,2229958,2019,2
1431223893,2408791,2019,2
1431223893,144619896,2019,1
2229958,2408791,2019,2
144619896,2229958,2019,1
144619896,2408791,2019,1
2229958,4095578,2019,1
13568600,2229958,2019,1
13568600,4095578,2019,1
1491348598,9258471,2019,1
1491348598,1994861222,2019,1
1431223780,1491348598,2019,1
1431223893,1491348598,2019,1
1491348598,2229958,2019,1
1491348598,2408791,2019,1
2229958,80631794,2019,1
2078701203,2229958,2019,1
102570931,50723116,2019,1
151475523,151493793,2019,1
1381148592,151475523,2019,1
151475523,50622014,2019,1
151475523,30928625,2019,1
151475523,2513267,2019,1
151475523,31084767,2019,1
151475523,1945992,2019,1
151475523,2011787,2019,1
1381148592,151493793,2019,1
151493793,50622014,2019,1
151493793,30928625,2019,1
151493793,2513267,2019,1
151493793,31084767,2019,1
151493793,1945992,2019,1
151493793,2011787,2019,1
1381148592,50622014,2019,1
1381148592,30928625,2019,1
1381148592,2513267,2019,1
1381148592,31084767,2019,1
1381148592,1945992,2019,1
1381148592,2011787,2019,1
30928625,50622014,2019,1
2513267,50622014,2019,1
31084767,50622014,2019,1
1945992,50622014,2019,1
2011787,50622014,2019,1
2513267,30928625,2019,1
30928625,31084767,2019,1
1945992,30928625,2019,1
2011787,30928625,2019,1
2513267,31084767,2019,2
1945992,2513267,2019,2
2011787,2513267,2019,2
1945992,31084767,2019,2
2011787,31084767,2019,2
1945992,2011787,2019,2
1945992,51240232,2019,5
3348372,52557572,2019,1
1945992,52557572,2019,1
1945992,3348372,2019,1
31084767,38878088,2019,1
2513267,38878088,2019,1
1945992,38878088,2019,1
2011787,38878088,2019,1
40442200,51240232,2019,1
1945992,40442200,2019,1
