145916102,38247697,2018,1
2149607497,2660575,2018,6
1409432424,2149607497,2018,6
2149607497,2310860,2018,6
2149607497,4463764,2018,6
1409432424,2660575,2018,6
2310860,2660575,2018,16
2660575,4463764,2018,6
1409432424,2310860,2018,6
1409432424,4463764,2018,6
2310860,4463764,2018,6
27397386,4624162,2018,1
27397386,50526493,2018,1
27397386,3262358,2018,1
27397386,30341953,2018,1
27397386,46666242,2018,1
1409432424,27397386,2018,1
27397386,6585130,2018,1
4624162,50526493,2018,1
3262358,4624162,2018,1
30341953,4624162,2018,1
4624162,46666242,2018,1
1409432424,4624162,2018,1
4624162,6585130,2018,1
3262358,50526493,2018,1
30341953,50526493,2018,1
46666242,50526493,2018,1
1409432424,50526493,2018,1
50526493,6585130,2018,1
30341953,3262358,2018,1
3262358,46666242,2018,1
1409432424,3262358,2018,1
3262358,6585130,2018,1
30341953,46666242,2018,1
1409432424,30341953,2018,1
30341953,6585130,2018,1
1409432424,46666242,2018,1
46666242,6585130,2018,1
1409432424,6585130,2018,1
2009643,88105731,2018,1
15933407,88105731,2018,1
100815423,88105731,2018,1
1409432424,88105731,2018,1
15933407,2009643,2018,1
100815423,2009643,2018,1
1409432424,2009643,2018,1
100815423,15933407,2018,1
1409432424,15933407,2018,1
100815423,1409432424,2018,1
1409432424,98785213,2018,1
1409432424,39810094,2018,1
39810094,98785213,2018,1
1387936229,2232853,2018,5
1387936229,1387936232,2018,2
1387936229,2648477,2018,3
1387936232,2232853,2018,2
2232853,2648477,2018,3
1387936232,2648477,2018,2
2096311,2232853,2018,3
2062825204,2232853,2018,1
1387936229,2096311,2018,3
1387936229,2062825204,2018,1
2062825204,2096311,2018,1
134852795,1480713479,2018,1
134852795,1387936229,2018,1
134852795,2232853,2018,1
134852795,2648477,2018,1
134852795,2096311,2018,1
1387936229,1480713479,2018,1
1480713479,2232853,2018,1
1480713479,2648477,2018,1
1480713479,2096311,2018,1
2096311,2648477,2018,1
2232853,39382626,2018,1
145164251,2232853,2018,1
2023694909,2232853,2018,1
1387936229,39382626,2018,1
1387936229,145164251,2018,1
1387936229,2023694909,2018,1
145164251,39382626,2018,1
2023694909,39382626,2018,1
2096311,39382626,2018,1
145164251,2023694909,2018,1
145164251,2096311,2018,1
2023694909,2096311,2018,1
2256728,4608358,2018,1
3002557,4608358,2018,1
2131952,4608358,2018,1
1932550,4608358,2018,1
1710169,4608358,2018,1
2383633,4608358,2018,1
2470189,4608358,2018,1
2943065,4608358,2018,1
4608358,46384297,2018,1
145360324,4608358,2018,1
2451948,4608358,2018,1
2700120,4608358,2018,1
2328876,4608358,2018,1
2272108,4608358,2018,1
1854466,4608358,2018,1
1904764,4608358,2018,1
1842879,4608358,2018,1
2256728,3002557,2018,1
2131952,2256728,2018,1
1932550,2256728,2018,1
1710169,2256728,2018,1
2256728,2383633,2018,1
2256728,2470189,2018,1
2256728,2943065,2018,1
2256728,46384297,2018,1
145360324,2256728,2018,1
2256728,2451948,2018,1
2256728,2700120,2018,1
2256728,2328876,2018,1
2256728,2272108,2018,1
1854466,2256728,2018,1
1904764,2256728,2018,1
1842879,2256728,2018,1
2131952,3002557,2018,1
1932550,3002557,2018,1
1710169,3002557,2018,1
2383633,3002557,2018,1
2470189,3002557,2018,1
2943065,3002557,2018,1
3002557,46384297,2018,1
145360324,3002557,2018,1
2451948,3002557,2018,1
2700120,3002557,2018,1
2328876,3002557,2018,1
2272108,3002557,2018,1
1854466,3002557,2018,1
1904764,3002557,2018,1
1842879,3002557,2018,1
1932550,2131952,2018,1
1710169,2131952,2018,1
2131952,2383633,2018,1
2131952,2470189,2018,1
2131952,2943065,2018,1
2131952,46384297,2018,1
145360324,2131952,2018,1
2131952,2451948,2018,1
2131952,2700120,2018,1
2131952,2328876,2018,1
2131952,2272108,2018,1
1854466,2131952,2018,1
1904764,2131952,2018,1
1842879,2131952,2018,1
1710169,1932550,2018,1
1932550,2383633,2018,1
1932550,2470189,2018,1
1932550,2943065,2018,1
1932550,46384297,2018,1
145360324,1932550,2018,1
1932550,2451948,2018,1
1932550,2700120,2018,1
1932550,2328876,2018,1
1932550,2272108,2018,1
1854466,1932550,2018,1
1904764,1932550,2018,1
1842879,1932550,2018,1
1710169,2383633,2018,1
1710169,2470189,2018,1
1710169,2943065,2018,1
1710169,46384297,2018,1
145360324,1710169,2018,1
1710169,2451948,2018,1
1710169,2700120,2018,1
1710169,2328876,2018,1
1710169,2272108,2018,1
1710169,1854466,2018,1
1710169,1904764,2018,1
1710169,1842879,2018,1
2383633,2470189,2018,1
2383633,2943065,2018,2
2383633,46384297,2018,1
145360324,2383633,2018,1
2383633,2451948,2018,1
2383633,2700120,2018,2
2328876,2383633,2018,1
2272108,2383633,2018,2
1854466,2383633,2018,1
1904764,2383633,2018,1
1842879,2383633,2018,1
2470189,2943065,2018,1
2470189,46384297,2018,1
145360324,2470189,2018,1
2451948,2470189,2018,1
2470189,2700120,2018,1
2328876,2470189,2018,1
2272108,2470189,2018,1
1854466,2470189,2018,1
1904764,2470189,2018,1
1842879,2470189,2018,1
2943065,46384297,2018,1
145360324,2943065,2018,1
2451948,2943065,2018,1
2700120,2943065,2018,2
2328876,2943065,2018,1
2272108,2943065,2018,2
1854466,2943065,2018,1
1904764,2943065,2018,1
1842879,2943065,2018,1
145360324,46384297,2018,1
2451948,46384297,2018,1
2700120,46384297,2018,1
2328876,46384297,2018,1
2272108,46384297,2018,1
1854466,46384297,2018,1
1904764,46384297,2018,1
1842879,46384297,2018,1
145360324,2451948,2018,1
145360324,2700120,2018,1
145360324,2328876,2018,1
145360324,2272108,2018,1
145360324,1854466,2018,1
145360324,1904764,2018,1
145360324,1842879,2018,1
2451948,2700120,2018,1
2328876,2451948,2018,1
2272108,2451948,2018,1
1854466,2451948,2018,1
1904764,2451948,2018,1
1842879,2451948,2018,1
2328876,2700120,2018,1
2272108,2700120,2018,2
1854466,2700120,2018,1
1904764,2700120,2018,1
1842879,2700120,2018,1
2272108,2328876,2018,1
1854466,2328876,2018,1
1904764,2328876,2018,1
1842879,2328876,2018,1
1854466,2272108,2018,1
1904764,2272108,2018,1
1842879,2272108,2018,1
1854466,1904764,2018,1
1842879,1854466,2018,1
1842879,1904764,2018,1
2943065,3948067,2018,2
2943065,5182756,2018,1
119029822,2943065,2018,1
2943065,31213050,2018,1
2943065,38870103,2018,1
2943065,3738315,2018,1
2943065,3127422,2018,1
2186062,2943065,2018,1
2943065,47568988,2018,1
119467758,2943065,2018,1
119029822,5182756,2018,1
31213050,5182756,2018,1
38870103,5182756,2018,1
3738315,5182756,2018,1
3127422,5182756,2018,1
2186062,5182756,2018,1
47568988,5182756,2018,1
119467758,5182756,2018,1
119029822,31213050,2018,1
119029822,38870103,2018,1
119029822,3738315,2018,1
119029822,3127422,2018,1
119029822,2186062,2018,1
119029822,47568988,2018,1
119029822,119467758,2018,1
31213050,38870103,2018,1
31213050,3738315,2018,1
31213050,3127422,2018,1
2186062,31213050,2018,1
31213050,47568988,2018,1
119467758,31213050,2018,1
3738315,38870103,2018,1
3127422,38870103,2018,1
2186062,38870103,2018,1
38870103,47568988,2018,1
119467758,38870103,2018,1
3127422,3738315,2018,1
2186062,3738315,2018,1
3738315,47568988,2018,1
119467758,3738315,2018,1
2186062,3127422,2018,1
3127422,47568988,2018,1
119467758,3127422,2018,1
2186062,47568988,2018,1
119467758,2186062,2018,1
119467758,47568988,2018,1
144186365,3948067,2018,1
143952546,3948067,2018,1
3948067,6884637,2018,1
2175749,3948067,2018,1
2383633,3948067,2018,1
1398398803,3948067,2018,1
2071392848,3948067,2018,1
2700120,3948067,2018,1
3948067,7642617,2018,1
2739251,3948067,2018,1
2272108,3948067,2018,1
3948067,49076294,2018,1
2683022,3948067,2018,1
143952546,144186365,2018,1
144186365,6884637,2018,1
144186365,2175749,2018,1
144186365,2383633,2018,1
1398398803,144186365,2018,1
144186365,2071392848,2018,1
144186365,2700120,2018,1
144186365,7642617,2018,1
144186365,2739251,2018,1
144186365,2272108,2018,1
144186365,49076294,2018,1
144186365,2943065,2018,1
144186365,2683022,2018,1
143952546,6884637,2018,1
143952546,2175749,2018,1
143952546,2383633,2018,1
1398398803,143952546,2018,1
143952546,2071392848,2018,1
143952546,2700120,2018,1
143952546,7642617,2018,1
143952546,2739251,2018,1
143952546,2272108,2018,1
143952546,49076294,2018,1
143952546,2943065,2018,1
143952546,2683022,2018,1
2175749,6884637,2018,1
2383633,6884637,2018,1
1398398803,6884637,2018,1
2071392848,6884637,2018,1
2700120,6884637,2018,1
6884637,7642617,2018,1
2739251,6884637,2018,1
2272108,6884637,2018,1
49076294,6884637,2018,1
2943065,6884637,2018,1
2683022,6884637,2018,1
2175749,2383633,2018,1
1398398803,2175749,2018,1
2071392848,2175749,2018,1
2175749,2700120,2018,1
2175749,7642617,2018,1
2175749,2739251,2018,1
2175749,2272108,2018,1
2175749,49076294,2018,1
2175749,2943065,2018,1
2175749,2683022,2018,1
1398398803,2383633,2018,1
2071392848,2383633,2018,1
2383633,7642617,2018,1
2383633,2739251,2018,1
2383633,49076294,2018,1
2383633,2683022,2018,1
1398398803,2071392848,2018,1
1398398803,2700120,2018,1
1398398803,7642617,2018,1
1398398803,2739251,2018,1
1398398803,2272108,2018,1
1398398803,49076294,2018,1
1398398803,2943065,2018,1
1398398803,2683022,2018,1
2071392848,2700120,2018,1
2071392848,7642617,2018,1
2071392848,2739251,2018,1
2071392848,2272108,2018,1
2071392848,49076294,2018,1
2071392848,2943065,2018,1
2071392848,2683022,2018,1
2700120,7642617,2018,1
2700120,2739251,2018,1
2700120,49076294,2018,1
2683022,2700120,2018,1
2739251,7642617,2018,1
2272108,7642617,2018,1
49076294,7642617,2018,1
2943065,7642617,2018,1
2683022,7642617,2018,1
2272108,2739251,2018,1
2739251,49076294,2018,1
2739251,2943065,2018,1
2683022,2739251,2018,1
2272108,49076294,2018,1
2272108,2683022,2018,1
2943065,49076294,2018,1
2683022,49076294,2018,1
2683022,2943065,2018,1
2037961,49117973,2018,1
1398175449,49117973,2018,2
49117973,49847317,2018,2
2277354,49117973,2018,1
3474495,49117973,2018,2
1411921755,49117973,2018,2
49117973,66177378,2018,2
2943065,49117973,2018,2
49117973,51167766,2018,2
4268050,49117973,2018,2
145400502,49117973,2018,2
31432026,49117973,2018,1
144282554,49117973,2018,1
49117973,78377151,2018,1
49117973,7517252,2018,1
145156662,49117973,2018,2
145043122,49117973,2018,2
1398175449,2037961,2018,1
2037961,49847317,2018,1
2037961,2277354,2018,1
2037961,3474495,2018,1
1411921755,2037961,2018,1
2037961,66177378,2018,1
2037961,2943065,2018,1
2037961,51167766,2018,1
2037961,4268050,2018,1
145400502,2037961,2018,1
2037961,31432026,2018,1
144282554,2037961,2018,1
2037961,78377151,2018,1
2037961,7517252,2018,1
145156662,2037961,2018,1
145043122,2037961,2018,1
1398175449,49847317,2018,2
1398175449,2277354,2018,1
1398175449,3474495,2018,2
1398175449,1411921755,2018,2
1398175449,66177378,2018,2
1398175449,2943065,2018,2
1398175449,51167766,2018,2
1398175449,4268050,2018,2
1398175449,145400502,2018,2
1398175449,31432026,2018,1
1398175449,144282554,2018,1
1398175449,78377151,2018,1
1398175449,7517252,2018,1
1398175449,145156662,2018,2
1398175449,145043122,2018,2
2277354,49847317,2018,1
3474495,49847317,2018,2
1411921755,49847317,2018,2
49847317,66177378,2018,2
2943065,49847317,2018,2
49847317,51167766,2018,2
4268050,49847317,2018,2
145400502,49847317,2018,2
31432026,49847317,2018,1
144282554,49847317,2018,1
49847317,78377151,2018,1
49847317,7517252,2018,1
145156662,49847317,2018,2
145043122,49847317,2018,2
2277354,3474495,2018,1
1411921755,2277354,2018,1
2277354,66177378,2018,1
2277354,2943065,2018,1
2277354,51167766,2018,1
2277354,4268050,2018,1
145400502,2277354,2018,1
2277354,31432026,2018,1
144282554,2277354,2018,1
2277354,78377151,2018,1
2277354,7517252,2018,1
145156662,2277354,2018,1
145043122,2277354,2018,1
1411921755,3474495,2018,2
3474495,66177378,2018,2
2943065,3474495,2018,2
3474495,51167766,2018,2
3474495,4268050,2018,2
145400502,3474495,2018,2
31432026,3474495,2018,1
144282554,3474495,2018,1
3474495,78377151,2018,1
3474495,7517252,2018,1
145156662,3474495,2018,2
145043122,3474495,2018,2
1411921755,66177378,2018,2
1411921755,2943065,2018,2
1411921755,51167766,2018,2
1411921755,4268050,2018,2
1411921755,145400502,2018,2
1411921755,31432026,2018,1
1411921755,144282554,2018,1
1411921755,78377151,2018,1
1411921755,7517252,2018,1
1411921755,145156662,2018,2
1411921755,145043122,2018,2
2943065,66177378,2018,2
51167766,66177378,2018,2
4268050,66177378,2018,2
145400502,66177378,2018,2
31432026,66177378,2018,1
144282554,66177378,2018,1
66177378,78377151,2018,1
66177378,7517252,2018,1
145156662,66177378,2018,2
145043122,66177378,2018,2
2943065,51167766,2018,2
2943065,4268050,2018,2
145400502,2943065,2018,2
2943065,31432026,2018,1
144282554,2943065,2018,1
2943065,78377151,2018,1
2943065,7517252,2018,1
145156662,2943065,2018,2
145043122,2943065,2018,2
4268050,51167766,2018,2
145400502,51167766,2018,2
31432026,51167766,2018,1
144282554,51167766,2018,1
51167766,78377151,2018,1
51167766,7517252,2018,1
145156662,51167766,2018,2
145043122,51167766,2018,2
145400502,4268050,2018,2
31432026,4268050,2018,1
144282554,4268050,2018,1
4268050,78377151,2018,1
4268050,7517252,2018,1
145156662,4268050,2018,2
145043122,4268050,2018,2
145400502,31432026,2018,1
144282554,145400502,2018,1
145400502,78377151,2018,1
145400502,7517252,2018,1
145156662,145400502,2018,2
145043122,145400502,2018,2
144282554,31432026,2018,1
31432026,78377151,2018,1
31432026,7517252,2018,1
145156662,31432026,2018,1
145043122,31432026,2018,1
144282554,78377151,2018,1
144282554,7517252,2018,1
144282554,145156662,2018,1
144282554,145043122,2018,1
7517252,78377151,2018,1
145156662,78377151,2018,1
145043122,78377151,2018,1
145156662,7517252,2018,1
145043122,7517252,2018,1
145043122,145156662,2018,2
39558822,47549339,2018,2
2119102468,47549339,2018,2
2054500334,47549339,2018,2
2943065,47549339,2018,2
2119102468,39558822,2018,2
2054500334,39558822,2018,2
2943065,39558822,2018,2
2054500334,2119102468,2018,2
2119102468,2943065,2018,2
2054500334,2943065,2018,2
2156017427,49117973,2018,1
1398175449,2156017427,2018,1
2156017427,66177378,2018,1
1411921755,2156017427,2018,1
2156017427,49847317,2018,1
2156017427,51167766,2018,1
2156017427,4268050,2018,1
145400502,2156017427,2018,1
2156017427,3474495,2018,1
2156017427,2943065,2018,1
145156662,2156017427,2018,1
145043122,2156017427,2018,1
4444363,51008971,2018,6
2293193,4444363,2018,6
2660575,4444363,2018,6
2310860,4444363,2018,6
2293193,51008971,2018,6
2660575,51008971,2018,6
2310860,51008971,2018,6
2293193,2660575,2018,8
2293193,2310860,2018,8
2068543889,2293193,2018,2
2068543889,2660575,2018,2
2068543889,2310860,2018,2
1403798561,2059549703,2018,1
1403798561,2077037135,2018,1
1403798561,1914621,2018,1
1403798561,70244087,2018,1
1403798561,2111362426,2018,1
1403798561,2069626187,2018,1
1403798561,2660575,2018,1
2059549703,2077037135,2018,1
1914621,2059549703,2018,1
2059549703,70244087,2018,1
2059549703,2111362426,2018,1
2059549703,2069626187,2018,1
2059549703,2660575,2018,1
1914621,2077037135,2018,1
2077037135,70244087,2018,1
2077037135,2111362426,2018,1
2069626187,2077037135,2018,1
2077037135,2660575,2018,1
1914621,70244087,2018,1
1914621,2111362426,2018,1
1914621,2069626187,2018,1
1914621,2660575,2018,1
2111362426,70244087,2018,1
2069626187,70244087,2018,1
2660575,70244087,2018,1
2069626187,2111362426,2018,1
2111362426,2660575,2018,1
2069626187,2660575,2018,1
19396021,38296831,2018,2
19396021,2115600334,2018,2
19396021,46191306,2018,2
19396021,46211930,2018,2
19396021,2310860,2018,2
19396021,2660575,2018,2
2115600334,38296831,2018,2
38296831,46191306,2018,2
38296831,46211930,2018,2
2310860,38296831,2018,2
2660575,38296831,2018,2
2115600334,46191306,2018,2
2115600334,46211930,2018,2
2115600334,2310860,2018,2
2115600334,2660575,2018,2
46191306,46211930,2018,2
2310860,46191306,2018,2
2660575,46191306,2018,2
2310860,46211930,2018,2
2660575,46211930,2018,2
1414420295,3391180,2018,1
1414420295,2350947,2018,1
2350947,3391180,2018,3
146467341,3391180,2018,2
146467341,2350947,2018,2
146467341,1806767,2018,2
1806767,3391180,2018,2
1806767,2350947,2018,2
2038237862,2160991535,2018,1
2160991535,97865049,2018,1
2160991535,3490121,2018,1
2160991535,32725984,2018,1
2160991535,29113221,2018,1
2038237862,97865049,2018,1
2038237862,3490121,2018,1
2038237862,32725984,2018,1
2038237862,29113221,2018,1
3490121,97865049,2018,3
32725984,97865049,2018,4
29113221,97865049,2018,4
32725984,3490121,2018,3
29113221,3490121,2018,3
29113221,32725984,2018,4
108192112,38615715,2018,1
108192112,29113221,2018,1
108192112,5174017,2018,1
108192112,70184083,2018,1
108192112,2140533,2018,1
29113221,38615715,2018,3
38615715,5174017,2018,1
38615715,70184083,2018,1
2140533,38615715,2018,2
29113221,5174017,2018,1
29113221,70184083,2018,1
2140533,29113221,2018,2
5174017,70184083,2018,1
2140533,5174017,2018,1
2140533,70184083,2018,1
1797712,6136712,2018,1
33848373,6136712,2018,1
145427263,6136712,2018,1
29113221,6136712,2018,1
153597164,6136712,2018,1
32567877,6136712,2018,1
35238486,6136712,2018,1
145685374,6136712,2018,1
33510960,6136712,2018,1
6136712,6434971,2018,1
1797712,33848373,2018,1
145427263,1797712,2018,1
1797712,29113221,2018,1
153597164,1797712,2018,1
1797712,32567877,2018,1
1797712,35238486,2018,1
145685374,1797712,2018,1
1797712,33510960,2018,1
1797712,6434971,2018,1
145427263,33848373,2018,1
29113221,33848373,2018,1
153597164,33848373,2018,1
32567877,33848373,2018,1
33848373,35238486,2018,1
145685374,33848373,2018,1
33510960,33848373,2018,1
33848373,6434971,2018,1
145427263,29113221,2018,1
145427263,153597164,2018,1
145427263,32567877,2018,1
145427263,35238486,2018,1
145427263,145685374,2018,1
145427263,33510960,2018,1
145427263,6434971,2018,1
153597164,29113221,2018,1
29113221,32567877,2018,1
29113221,35238486,2018,1
145685374,29113221,2018,1
29113221,33510960,2018,1
29113221,6434971,2018,1
153597164,32567877,2018,1
153597164,35238486,2018,1
145685374,153597164,2018,1
153597164,33510960,2018,1
153597164,6434971,2018,1
32567877,35238486,2018,1
145685374,32567877,2018,1
32567877,33510960,2018,1
32567877,6434971,2018,1
145685374,35238486,2018,1
33510960,35238486,2018,1
35238486,6434971,2018,1
145685374,33510960,2018,1
145685374,6434971,2018,1
33510960,6434971,2018,1
1794957,97865049,2018,1
152284226,97865049,2018,1
1794957,32725984,2018,1
152284226,32725984,2018,1
152284226,1794957,2018,1
1794957,29113221,2018,2
152284226,29113221,2018,2
144083363,144861597,2018,1
144861597,29113221,2018,1
144861597,2140533,2018,1
144861597,38615715,2018,1
144083363,29113221,2018,1
144083363,2140533,2018,1
144083363,38615715,2018,1
16932191,2120795,2018,1
2120795,51251723,2018,1
2120795,51253129,2018,1
2120795,5281843,2018,1
2120795,29113221,2018,1
144248501,2120795,2018,1
16932191,51251723,2018,1
16932191,51253129,2018,1
16932191,5281843,2018,1
16932191,29113221,2018,1
144248501,16932191,2018,1
51251723,51253129,2018,1
51251723,5281843,2018,1
29113221,51251723,2018,1
144248501,51251723,2018,1
51253129,5281843,2018,1
29113221,51253129,2018,1
144248501,51253129,2018,1
29113221,5281843,2018,1
144248501,5281843,2018,1
144248501,29113221,2018,1
29113221,46257803,2018,4
46257803,51465221,2018,2
2156059229,46257803,2018,1
2219902,46257803,2018,2
2067210235,46257803,2018,2
46257803,5503019,2018,2
1394936279,46257803,2018,2
29113221,51465221,2018,2
2156059229,29113221,2018,1
2219902,29113221,2018,2
2067210235,29113221,2018,2
29113221,5503019,2018,2
1394936279,29113221,2018,2
2156059229,51465221,2018,1
2219902,51465221,2018,2
2067210235,51465221,2018,2
51465221,5503019,2018,2
1394936279,51465221,2018,2
2156059229,2219902,2018,1
2067210235,2156059229,2018,1
2156059229,5503019,2018,1
1394936279,2156059229,2018,1
2067210235,2219902,2018,2
2219902,5503019,2018,2
1394936279,2219902,2018,2
2067210235,5503019,2018,2
1394936279,2067210235,2018,2
1394936279,5503019,2018,2
120934136,38167300,2018,1
120934136,3845071,2018,1
120934136,94479173,2018,1
120934136,29113221,2018,1
120934136,1491779368,2018,1
11028538,120934136,2018,1
38167300,3845071,2018,1
38167300,94479173,2018,1
29113221,38167300,2018,1
1491779368,38167300,2018,1
11028538,38167300,2018,1
3845071,94479173,2018,1
29113221,3845071,2018,1
1491779368,3845071,2018,1
11028538,3845071,2018,1
29113221,94479173,2018,1
1491779368,94479173,2018,1
11028538,94479173,2018,1
1491779368,29113221,2018,1
11028538,29113221,2018,1
11028538,1491779368,2018,1
38615715,98454679,2018,1
29113221,98454679,2018,1
1794957,98454679,2018,1
153436158,98454679,2018,1
46257803,98454679,2018,1
1794957,38615715,2018,1
153436158,38615715,2018,1
38615715,46257803,2018,1
153436158,29113221,2018,1
153436158,1794957,2018,1
1794957,46257803,2018,1
153436158,46257803,2018,1
51465221,73775691,2018,1
51465221,73771475,2018,1
31587820,51465221,2018,1
123698229,51465221,2018,1
73771475,73775691,2018,1
2067210235,73775691,2018,1
31587820,73775691,2018,1
46257803,73775691,2018,1
29113221,73775691,2018,1
2219902,73775691,2018,1
123698229,73775691,2018,1
5503019,73775691,2018,1
1394936279,73775691,2018,1
2067210235,73771475,2018,1
31587820,73771475,2018,1
46257803,73771475,2018,1
29113221,73771475,2018,1
2219902,73771475,2018,1
123698229,73771475,2018,1
5503019,73771475,2018,1
1394936279,73771475,2018,1
2067210235,31587820,2018,1
123698229,2067210235,2018,1
31587820,46257803,2018,1
29113221,31587820,2018,1
2219902,31587820,2018,1
123698229,31587820,2018,1
31587820,5503019,2018,1
1394936279,31587820,2018,1
123698229,46257803,2018,1
123698229,29113221,2018,1
123698229,2219902,2018,1
123698229,5503019,2018,1
123698229,1394936279,2018,1
51250755,51251600,2018,4
51245714,51250755,2018,4
51250755,51251081,2018,4
29113221,51250755,2018,4
2449352,51250755,2018,4
4952621,51250755,2018,4
51245714,51251600,2018,4
51251081,51251600,2018,4
29113221,51251600,2018,4
2449352,51251600,2018,4
4952621,51251600,2018,4
51245714,51251081,2018,4
29113221,51245714,2018,4
2449352,51245714,2018,4
4952621,51245714,2018,4
29113221,51251081,2018,4
2449352,51251081,2018,5
4952621,51251081,2018,4
2449352,29113221,2018,4
29113221,4952621,2018,4
2449352,4952621,2018,4
51251600,51922339,2018,2
121462840,51251600,2018,2
51251600,51891965,2018,2
49036826,51251600,2018,2
51245714,51922339,2018,2
121462840,51245714,2018,2
51245714,51891965,2018,2
49036826,51245714,2018,2
51250755,51922339,2018,2
121462840,51250755,2018,2
51250755,51891965,2018,2
49036826,51250755,2018,2
2449352,51922339,2018,2
121462840,2449352,2018,2
2449352,51891965,2018,2
2449352,49036826,2018,2
29113221,51922339,2018,2
121462840,29113221,2018,2
29113221,51891965,2018,2
29113221,49036826,2018,2
121462840,51922339,2018,2
51891965,51922339,2018,2
51251081,51922339,2018,2
49036826,51922339,2018,2
4952621,51922339,2018,2
121462840,51891965,2018,2
121462840,51251081,2018,2
121462840,49036826,2018,2
121462840,4952621,2018,2
51251081,51891965,2018,2
49036826,51891965,2018,2
4952621,51891965,2018,2
49036826,51251081,2018,2
49036826,4952621,2018,2
6479493,97865049,2018,2
1732789,97865049,2018,2
3490121,6479493,2018,2
1732789,3490121,2018,2
32725984,6479493,2018,2
1732789,32725984,2018,2
1732789,6479493,2018,2
29113221,6479493,2018,2
1732789,29113221,2018,2
48767593,8617760,2018,1
152284226,48767593,2018,1
46741393,48767593,2018,1
29113221,48767593,2018,1
4463764,48767593,2018,1
152284226,8617760,2018,1
46741393,8617760,2018,1
29113221,8617760,2018,1
4463764,8617760,2018,1
152284226,46741393,2018,1
152284226,4463764,2018,1
29113221,46741393,2018,1
4463764,46741393,2018,1
29113221,4463764,2018,1
3602075,4462228,2018,1
152567083,3602075,2018,1
3602075,46257803,2018,1
29113221,3602075,2018,1
3602075,47266008,2018,1
3602075,4115905,2018,1
3602075,80245806,2018,1
3602075,6154462,2018,1
3602075,38283771,2018,1
152567083,4462228,2018,1
4462228,46257803,2018,1
29113221,4462228,2018,1
4462228,47266008,2018,1
4115905,4462228,2018,1
4462228,80245806,2018,1
4462228,6154462,2018,1
38283771,4462228,2018,1
152567083,46257803,2018,1
152567083,29113221,2018,1
152567083,47266008,2018,1
152567083,4115905,2018,1
152567083,80245806,2018,1
152567083,6154462,2018,1
152567083,38283771,2018,1
46257803,47266008,2018,1
4115905,46257803,2018,1
46257803,80245806,2018,1
46257803,6154462,2018,1
38283771,46257803,2018,1
29113221,47266008,2018,1
29113221,4115905,2018,1
29113221,80245806,2018,1
29113221,6154462,2018,1
29113221,38283771,2018,1
4115905,47266008,2018,1
47266008,80245806,2018,1
47266008,6154462,2018,1
38283771,47266008,2018,1
4115905,80245806,2018,1
4115905,6154462,2018,1
38283771,4115905,2018,1
6154462,80245806,2018,1
38283771,80245806,2018,1
38283771,6154462,2018,1
145829363,4444363,2018,1
3909263,89066497,2018,1
145344158,3909263,2018,1
3909263,4444363,2018,1
145344158,89066497,2018,1
4444363,89066497,2018,1
145344158,4444363,2018,1
20908326,4444363,2018,1
2060616392,4444363,2018,1
2060616392,20908326,2018,1
4444363,46255770,2018,2
31040132,46255770,2018,2
31040132,4444363,2018,2
4444363,48531742,2018,2
104395809,4444363,2018,2
145237832,4444363,2018,2
121358056,4444363,2018,2
4444363,46445512,2018,2
4444363,5229526,2018,2
103969662,4444363,2018,2
103881547,4444363,2018,2
37479650,4444363,2018,2
33694176,4444363,2018,2
104395809,48531742,2018,2
145237832,48531742,2018,2
121358056,48531742,2018,2
46445512,48531742,2018,2
48531742,5229526,2018,2
103969662,48531742,2018,2
103881547,48531742,2018,2
37479650,48531742,2018,2
33694176,48531742,2018,2
104395809,145237832,2018,2
104395809,121358056,2018,2
104395809,46445512,2018,2
104395809,5229526,2018,2
103969662,104395809,2018,2
103881547,104395809,2018,2
104395809,37479650,2018,2
104395809,33694176,2018,2
121358056,145237832,2018,2
145237832,46445512,2018,2
145237832,5229526,2018,2
103969662,145237832,2018,2
103881547,145237832,2018,2
145237832,37479650,2018,2
145237832,33694176,2018,2
121358056,46445512,2018,2
121358056,5229526,2018,2
103969662,121358056,2018,2
103881547,121358056,2018,2
121358056,37479650,2018,2
121358056,33694176,2018,2
46445512,5229526,2018,2
103969662,46445512,2018,2
103881547,46445512,2018,2
37479650,46445512,2018,2
33694176,46445512,2018,2
103969662,5229526,2018,2
103881547,5229526,2018,2
37479650,5229526,2018,2
33694176,5229526,2018,2
103881547,103969662,2018,2
103969662,37479650,2018,2
103969662,33694176,2018,2
103881547,37479650,2018,2
103881547,33694176,2018,2
33694176,37479650,2018,2
107825054,4444363,2018,1
1930968360,4444363,2018,1
12926277,1930968360,2018,1
12926277,4444363,2018,1
4444363,9845391,2018,1
4589640,9845391,2018,1
47289184,9845391,2018,1
10769092,9845391,2018,1
5558119,9845391,2018,1
4444363,4589640,2018,1
4444363,47289184,2018,1
10769092,4444363,2018,1
4444363,5558119,2018,1
4589640,47289184,2018,1
10769092,4589640,2018,1
4589640,5558119,2018,1
10769092,47289184,2018,1
47289184,5558119,2018,1
10769092,5558119,2018,1
104605782,47486260,2018,2
104605782,1401916272,2018,2
104605782,4444363,2018,2
104605782,122170724,2018,1
104605782,145056798,2018,1
1401916272,47486260,2018,2
4444363,47486260,2018,2
122170724,47486260,2018,1
145056798,47486260,2018,1
1401916272,4444363,2018,2
122170724,1401916272,2018,1
1401916272,145056798,2018,1
122170724,4444363,2018,1
145056798,4444363,2018,1
122170724,145056798,2018,1
104605782,2279833,2018,1
1401916272,2279833,2018,1
2279833,47486260,2018,1
2279833,4444363,2018,1
11942280,4444363,2018,1
145317575,4444363,2018,1
4444363,47639130,2018,1
116583732,4444363,2018,1
11942280,145317575,2018,1
11942280,47639130,2018,1
116583732,11942280,2018,1
145317575,47639130,2018,1
116583732,145317575,2018,1
116583732,47639130,2018,1
1400952802,2111025216,2018,1
1400952802,1470763014,2018,1
1400952802,7381599,2018,1
1400952802,4420135,2018,1
1400952802,145046057,2018,4
1470763014,2111025216,2018,1
2111025216,7381599,2018,1
2111025216,4420135,2018,1
145046057,2111025216,2018,1
1470763014,7381599,2018,1
1470763014,4420135,2018,1
145046057,1470763014,2018,1
4420135,7381599,2018,1
145046057,7381599,2018,1
145046057,4420135,2018,1
145046057,4015181,2018,1
144531669,4015181,2018,1
4015181,5431019,2018,1
2289108,4015181,2018,1
2257080,4015181,2018,1
144531669,145046057,2018,1
145046057,5431019,2018,1
145046057,2289108,2018,1
145046057,2257080,2018,1
144531669,5431019,2018,1
144531669,2289108,2018,1
144531669,2257080,2018,1
2289108,5431019,2018,1
2257080,5431019,2018,1
2257080,2289108,2018,1
145046057,79805803,2018,1
145046057,49707911,2018,4
49707911,79805803,2018,1
145046057,8640622,2018,3
1400952802,8640622,2018,2
1400952802,49707911,2018,3
49707911,8640622,2018,2
145046057,2054704791,2018,1
145046057,19483036,2018,1
145046057,49104509,2018,1
145046057,2053890380,2018,1
145046057,1767879,2018,1
1400952802,2054704791,2018,1
1400952802,19483036,2018,1
1400952802,49104509,2018,1
1400952802,2053890380,2018,1
1400952802,1767879,2018,1
2054704791,49707911,2018,1
19483036,49707911,2018,1
49104509,49707911,2018,1
2053890380,49707911,2018,1
1767879,49707911,2018,1
2054704791,8640622,2018,1
19483036,8640622,2018,1
49104509,8640622,2018,1
2053890380,8640622,2018,1
1767879,8640622,2018,1
19483036,2054704791,2018,1
2054704791,49104509,2018,1
2053890380,2054704791,2018,1
1767879,2054704791,2018,1
19483036,49104509,2018,1
19483036,2053890380,2018,1
1767879,19483036,2018,1
2053890380,49104509,2018,1
1767879,49104509,2018,1
1767879,2053890380,2018,1
145046057,9534405,2018,1
145046057,39016210,2018,1
8640622,9534405,2018,1
39016210,8640622,2018,1
39016210,9534405,2018,1
145046057,8582730,2018,1
145046057,35030255,2018,1
145046057,153462705,2018,1
35030255,8582730,2018,1
49707911,8582730,2018,1
1400952802,8582730,2018,1
153462705,8582730,2018,1
35030255,49707911,2018,1
1400952802,35030255,2018,1
153462705,35030255,2018,1
153462705,49707911,2018,1
1400952802,153462705,2018,1
46298112,5246917,2018,1
144666389,46298112,2018,1
46298112,7013131,2018,1
2187761,46298112,2018,1
118400138,46298112,2018,1
144666389,5246917,2018,1
5246917,7013131,2018,1
2187761,5246917,2018,1
118400138,5246917,2018,1
144666389,7013131,2018,1
144666389,2187761,2018,1
118400138,144666389,2018,1
2187761,7013131,2018,1
118400138,7013131,2018,1
118400138,2187761,2018,1
3363956,6969412,2018,1
2449352,3363956,2018,1
2449352,6969412,2018,1
2011787,51251081,2018,1
48516244,51251081,2018,1
2011787,2449352,2018,1
2449352,48516244,2018,1
2011787,48516244,2018,1
2800259,3450084,2018,4
3450084,7373730,2018,7
2800259,7373730,2018,6
3262773,7373730,2018,2
51053616,7373730,2018,4
2800259,3262773,2018,2
2800259,51053616,2018,2
3262773,51053616,2018,2
1807666,3450084,2018,2
1807666,2800259,2018,2
1807666,7373730,2018,2
1387936232,48910399,2018,2
1387936232,2323980,2018,2
1387936232,1708024,2018,2
1387936232,4955260,2018,2
1387936232,2178815,2018,2
2323980,48910399,2018,2
1708024,48910399,2018,2
48910399,4955260,2018,2
2178815,48910399,2018,2
1708024,2323980,2018,2
2323980,4955260,2018,2
2178815,2323980,2018,2
1708024,4955260,2018,2
1708024,2178815,2018,2
2178815,4955260,2018,2
1490636101,3096649,2018,1
2109937275,3096649,2018,1
1409058525,3096649,2018,1
152421869,3096649,2018,1
3096649,32545766,2018,1
143654479,3096649,2018,1
145307990,3096649,2018,1
3096649,32707496,2018,1
2368341,3096649,2018,1
1490636101,2109937275,2018,1
1409058525,1490636101,2018,1
1490636101,152421869,2018,1
1490636101,32545766,2018,1
143654479,1490636101,2018,1
145307990,1490636101,2018,1
1490636101,32707496,2018,1
1490636101,2368341,2018,1
1409058525,2109937275,2018,1
152421869,2109937275,2018,1
2109937275,32545766,2018,1
143654479,2109937275,2018,1
145307990,2109937275,2018,1
2109937275,32707496,2018,1
2109937275,2368341,2018,1
1409058525,152421869,2018,1
1409058525,32545766,2018,1
1409058525,143654479,2018,1
1409058525,145307990,2018,1
1409058525,32707496,2018,1
1409058525,2368341,2018,1
152421869,32545766,2018,1
143654479,152421869,2018,1
145307990,152421869,2018,1
152421869,32707496,2018,1
152421869,2368341,2018,1
143654479,32545766,2018,1
145307990,32545766,2018,1
32545766,32707496,2018,1
2368341,32545766,2018,1
143654479,145307990,2018,1
143654479,32707496,2018,1
143654479,2368341,2018,1
145307990,32707496,2018,1
145307990,2368341,2018,1
2368341,32707496,2018,1
2305280,9822439,2018,1
3096649,9822439,2018,1
2305280,3096649,2018,1
3469096,7373730,2018,1
38483558,7373730,2018,1
6407701,7373730,2018,1
2011787,6407701,2018,1
2069764175,6407701,2018,1
2011787,7373730,2018,1
2069764175,7373730,2018,1
2011787,2069764175,2018,1
2724834,8897266,2018,1
145649992,2724834,2018,1
2724834,92332427,2018,1
2724834,7373730,2018,1
145649992,8897266,2018,1
8897266,92332427,2018,1
7373730,8897266,2018,1
145649992,92332427,2018,1
145649992,7373730,2018,1
7373730,92332427,2018,1
3450084,51053616,2018,2
2229958,46178346,2018,4
2229958,7373730,2018,2
46178346,7373730,2018,2
3450084,48833475,2018,1
48833475,7373730,2018,1
103255555,20431029,2018,1
102231499,20431029,2018,1
20431029,2051970876,2018,1
1434550462,20431029,2018,1
145163681,20431029,2018,1
20431029,2110117153,2018,1
20431029,7373730,2018,1
20431029,2083569,2018,1
102231499,103255555,2018,1
103255555,2051970876,2018,1
103255555,1434550462,2018,1
103255555,145163681,2018,1
103255555,2110117153,2018,1
103255555,7373730,2018,1
103255555,2083569,2018,1
102231499,2051970876,2018,1
102231499,1434550462,2018,1
102231499,145163681,2018,1
102231499,2110117153,2018,1
102231499,7373730,2018,1
102231499,2083569,2018,1
1434550462,2051970876,2018,1
145163681,2051970876,2018,1
2051970876,2110117153,2018,1
2051970876,7373730,2018,1
2051970876,2083569,2018,1
1434550462,145163681,2018,1
1434550462,2110117153,2018,1
1434550462,7373730,2018,1
1434550462,2083569,2018,1
145163681,2110117153,2018,1
145163681,7373730,2018,1
145163681,2083569,2018,1
2110117153,7373730,2018,1
2083569,2110117153,2018,1
2083569,7373730,2018,1
2083926770,9947685,2018,1
2083926770,7373730,2018,1
12764233,2083926770,2018,1
1745664,2083926770,2018,1
7373730,9947685,2018,1
12764233,9947685,2018,1
1745664,9947685,2018,1
12764233,7373730,2018,1
1745664,7373730,2018,1
12764233,1745664,2018,1
49172955,78232561,2018,1
2229958,48911513,2018,1
1945992,2074046771,2018,1
1945992,2011787,2018,2
1945992,34228632,2018,2
1945992,3348372,2018,1
1945992,2965545,2018,1
2011787,2074046771,2018,1
2074046771,34228632,2018,1
2074046771,3348372,2018,1
2074046771,2965545,2018,1
2011787,34228632,2018,2
2011787,3348372,2018,1
2011787,2965545,2018,1
3348372,34228632,2018,1
2965545,34228632,2018,1
2965545,3348372,2018,1
1945992,79981412,2018,1
2771794,79981412,2018,1
1945992,2771794,2018,1
1945992,31084767,2018,3
1945992,51240232,2018,1
1945992,50127831,2018,1
2011787,50127831,2018,1
34228632,50127831,2018,1
